436204751575440756541724746755
347475575404531645424640344414
556644445442451553264555436757
761235545455474254546631467555
356447405421445153457656535564
014274425356522445253477726464
311765446655556346633757446600
471744514426443445162555525455
616053450444473274742055767455
254124557527462423444450075637
046546764557475436717475255501
752005462554554414031525515356
452524742177476245065554577605
664465643742341605007655253777
444571276444165545442447340356
435050335454565235025507452540
467560030465475447567644441426
735730577745561712541450443547
472675153755474445700540444544
507472724556677621365747544757
535177720776402476665547676174
636275455643650141456764547131
164624553536572554544165746536
521574724335644274433544442556
576732703453654464555315065544
656244747015464523316444145414
555646775254464367454454067475
665624154657072514445150474444
570004746554540445465051654541
635504417414262014475547424275
