15 106 1406
00000000000000
00000000000000
00000000000000
00000000000000
00000000000000
00000000000000
00000000000000
00000000000000
00000000000000
00000000000000
00000000000000
00000000000000
00000000000000
00000000000000
00000000000000
000000000000000
000000000000000
000000000000000
000000000000000
000000000000000
000000000000000
000000000000000
000000000000000
000000000000000
000000000000000
000000000000000
000000000000000
000000000000000
000000000000000
12 10
14 12
1 5
8 12
4 2
6 14
7 11
8 13
2 7
2 12
1 14
5 3
0 10
4 10
0 5
3 3
14 2
10 14
9 12
6 9
13 14
4 8
11 2
6 2
13 1
13 10
10 8
12 6
5 6
4 13
4 0
11 5
9 0
13 11
12 13
3 13
10 10
7 4
2 14
7 14
6 12
4 12
0 4
13 13
0 3
3 14
6 3
13 3
12 14
3 5
12 0
14 4
13 4
14 14
1 12
2 8
2 3
0 14
0 12
14 6
13 5
10 2
7 1
10 7
6 0
4 14
14 7
5 2
11 4
2 6
6 6
12 9
9 11
8 10
8 3
12 5
9 1
14 11
1 10
13 8
9 4
12 4
14 0
11 14
0 13
13 6
13 7
2 2
9 2
13 9
10 1
10 9
0 9
9 5
8 5
10 0
3 1
11 11
6 1
7 3
6 8
5 0
0 8
8 11
0 6
11 0
