600 1098 600 1068 5
408 510
338 506
191 279
289 331
213 407
133 471
340 496
73 284
248 546
100 281
113 235
97 326
154 273
20 133
84 107
252 301
523 556
6 333
526 532
409 559
232 339
224 317
167 192
328 473
25 142
480 516
100 178
4 104
255 322
199 341
176 304
37 284
40 588
59 177
136 387
108 573
109 310
331 530
264 582
466 511
255 494
111 215
13 485
93 315
533 542
52 349
325 533
226 396
375 484
333 442
411 586
308 517
37 382
211 309
522 592
60 433
38 181
97 103
303 313
68 529
93 435
241 400
21 425
112 281
94 143
20 188
364 572
248 408
39 41
383 504
245 557
26 267
76 211
163 244
198 528
429 563
324 522
149 390
299 575
56 140
361 432
286 586
130 585
310 453
113 573
361 540
450 491
370 383
8 495
263 469
229 399
64 338
86 221
352 401
5 257
291 404
210 291
378 407
351 426
9 421
121 129
350 550
35 101
95 435
163 571
300 537
249 296
198 575
315 393
353 385
225 287
158 483
251 532
10 588
280 486
19 203
152 464
344 470
86 107
164 197
274 286
255 566
259 462
148 597
21 357
109 593
217 239
315 387
395 519
163 228
284 543
17 269
96 360
93 551
327 467
182 424
50 142
272 304
344 519
52 567
498 527
256 553
119 277
81 505
70 518
76 349
149 158
281 290
54 264
463 592
41 170
365 434
296 403
197 317
461 486
438 496
199 469
117 593
230 357
258 599
56 459
23 411
384 554
247 346
306 403
208 504
322 324
360 594
101 258
507 592
398 547
49 311
510 574
366 528
240 497
26 202
107 576
406 536
493 524
13 409
298 403
532 566
401 537
149 500
83 579
233 542
80 303
151 154
77 397
3 142
122 278
167 489
39 548
105 556
416 477
21 99
278 289
35 475
241 253
85 464
255 276
504 508
32 184
198 299
159 276
374 524
229 514
104 297
13 591
43 219
89 290
508 515
347 596
146 260
27 61
39 233
312 414
484 567
263 503
195 224
61 201
159 255
79 139
388 577
202 416
11 571
33 445
23 81
138 247
75 395
21 97
353 411
28 219
97 237
71 451
384 466
143 345
121 492
165 594
320 488
518 593
48 157
190 306
30 404
204 233
325 584
330 495
57 299
238 352
127 279
176 266
231 381
479 586
59 582
26 533
48 114
232 256
109 518
63 394
22 514
315 492
234 399
29 274
101 318
238 477
174 248
256 342
469 503
86 393
230 355
121 136
381 555
5 171
451 456
323 517
200 298
59 592
344 388
78 250
75 565
309 452
450 562
389 476
345 593
44 127
15 375
175 391
150 428
199 380
247 434
313 545
8 233
530 588
54 582
268 484
268 383
73 173
124 475
112 196
208 484
78 309
200 403
46 454
166 515
276 531
396 561
127 339
223 283
314 416
153 318
510 530
195 493
239 260
417 483
13 292
110 599
118 478
61 412
101 475
304 333
262 514
377 442
390 471
238 332
373 468
220 378
52 484
225 235
441 571
48 455
222 404
208 449
96 322
110 376
95 102
441 449
321 389
398 585
282 515
3 479
172 407
275 378
67 337
458 568
151 317
98 589
473 586
269 491
298 376
188 471
234 334
168 373
24 191
64 554
4 199
449 585
243 342
52 455
63 175
100 112
375 383
216 253
155 254
294 295
28 485
296 306
43 75
412 474
76 431
347 372
207 218
350 353
479 523
319 404
243 256
472 491
183 351
90 502
347 451
155 543
213 548
398 475
324 581
283 343
379 530
174 408
4 105
327 560
294 597
452 455
388 409
45 501
265 504
53 81
424 438
168 476
5 313
198 418
63 497
424 562
34 323
61 186
316 410
59 463
174 546
30 210
69 216
105 341
38 251
312 474
128 425
326 348
338 511
58 519
254 416
6 304
237 390
485 516
308 428
32 328
194 282
372 451
174 574
350 479
97 149
103 161
19 319
74 206
89 374
179 428
327 358
129 136
161 348
135 376
73 254
15 16
67 95
108 355
59 106
205 426
56 563
263 283
336 347
230 419
42 579
383 484
17 384
130 436
213 458
332 535
26 332
132 273
154 415
359 398
201 428
391 424
211 552
266 575
166 370
187 538
441 487
1 355
334 559
231 529
22 262
278 579
14 187
327 578
161 357
25 269
52 375
383 583
396 482
106 531
151 400
267 467
170 220
348 500
335 553
25 236
80 300
175 497
513 524
124 449
441 585
266 444
307 439
353 457
299 418
152 576
208 265
107 312
92 299
56 596
211 431
59 123
38 566
145 559
419 420
19 222
204 368
48 169
457 550
148 457
358 467
222 273
446 584
522 531
82 206
188 390
171 460
380 469
356 515
85 490
8 330
202 332
124 512
328 445
357 426
533 584
238 537
193 222
194 300
206 460
92 198
88 598
34 517
458 538
2 131
97 500
167 302
170 407
259 474
251 580
11 487
252 534
340 510
59 531
330 569
160 402
240 246
127 482
216 298
265 271
168 468
219 344
140 344
182 562
59 413
524 580
78 595
239 423
189 346
130 487
359 371
228 499
112 272
479 556
16 375
238 416
223 263
436 487
314 477
2 148
203 519
177 590
50 479
288 422
174 510
30 223
271 571
125 540
384 511
247 597
128 205
46 372
196 272
235 419
90 532
166 383
265 441
132 151
154 587
277 371
256 339
236 269
54 177
90 157
194 356
83 278
539 545
427 535
203 461
8 368
119 141
119 460
178 290
162 547
49 379
282 352
245 382
261 264
305 573
45 341
50 556
439 570
179 186
10 189
71 179
198 227
400 493
75 470
67 139
389 468
14 116
12 247
24 453
400 402
3 338
247 294
322 494
105 199
286 479
169 590
75 371
38 96
251 566
227 528
10 42
241 493
484 583
429 503
405 565
424 525
308 386
92 377
267 535
288 465
62 233
381 394
233 396
182 381
443 500
251 526
169 432
98 533
290 444
31 488
337 478
26 51
74 560
68 154
47 483
197 444
146 220
210 555
164 529
316 333
221 572
386 517
168 580
231 291
132 402
42 588
159 324
7 224
222 249
367 594
1 230
183 421
175 240
420 426
186 447
48 52
305 570
339 584
8 548
102 337
40 579
284 557
94 133
87 244
63 212
80 537
263 486
39 62
45 199
165 580
77 206
287 420
166 508
34 514
225 464
155 245
541 542
43 371
448 540
239 390
129 221
172 213
184 385
69 493
173 416
271 441
49 434
3 50
320 384
12 320
228 300
169 430
38 255
490 536
253 298
9 517
113 225
128 357
71 111
21 103
492 551
190 403
91 507
311 588
88 490
48 430
191 453
115 385
542 584
104 454
116 334
29 137
57 377
420 421
243 335
206 498
87 508
24 44
309 455
403 481
122 331
330 458
161 230
275 538
91 520
132 587
214 527
330 397
141 206
263 461
0 562
27 412
409 596
23 353
20 147
142 554
257 436
221 364
286 297
250 321
182 450
118 464
207 410
23 385
128 423
484 512
423 514
259 385
152 572
549 575
102 221
117 345
144 277
178 266
537 539
31 496
358 495
141 214
134 166
224 374
98 339
194 401
31 180
20 390
85 152
191 518
266 362
307 570
290 374
20 94
158 390
161 439
5 72
22 260
0 384
298 402
144 171
259 412
204 267
123 125
295 511
18 265
171 313
408 574
200 376
144 371
64 142
112 304
92 246
300 401
117 147
362 549
467 545
7 290
90 301
168 524
233 368
302 328
374 513
201 406
276 534
352 477
94 345
170 378
105 297
234 262
71 489
190 193
321 544
137 328
292 527
397 564
102 129
204 533
413 592
120 251
267 358
252 264
27 115
45 236
322 581
280 563
18 449
347 433
18 441
24 310
131 338
76 512
293 524
140 563
84 490
192 489
190 481
414 474
225 419
298 481
52 432
238 539
23 392
130 441
162 257
500 509
73 416
123 448
331 408
459 503
0 55
370 504
271 508
17 25
458 564
276 522
155 382
275 407
156 499
466 554
157 264
154 164
104 285
535 545
82 527
101 398
145 347
169 177
114 430
189 247
62 109
4 285
26 535
239 440
158 417
250 309
2 511
59 522
560 578
136 221
151 587
340 379
150 215
246 442
202 533
361 590
110 153
58 153
344 577
456 489
164 212
332 427
13 480
318 359
349 512
248 316
393 462
216 595
209 340
323 521
341 556
84 312
178 304
293 369
7 317
227 266
103 326
179 201
332 539
177 540
60 150
303 539
132 400
497 528
145 409
209 218
4 46
165 363
5 499
27 445
41 143
207 546
66 372
165 293
53 473
204 542
388 591
531 534
91 592
36 145
491 555
115 412
81 411
185 557
227 444
252 531
57 92
98 232
121 315
313 467
81 184
498 564
222 529
38 494
52 452
352 537
230 420
2 506
294 558
541 561
240 525
242 596
133 220
324 592
62 345
216 376
115 184
227 575
81 385
21 440
203 249
40 331
149 237
313 327
146 275
144 460
22 239
60 234
363 580
64 466
429 486
67 102
380 472
322 520
34 229
77 560
56 429
212 529
30 319
30 555
34 205
160 193
267 368
372 456
215 451
107 572
71 167
237 440
250 455
9 536
119 516
272 367
233 561
65 353
527 538
137 192
218 546
140 388
572 576
479 550
59 329
339 482
121 387
47 443
71 447
234 288
112 369
244 356
102 364
282 356
126 416
334 347
66 347
339 342
78 211
283 380
118 152
454 489
261 582
338 550
134 540
542 561
312 393
82 141
92 366
211 270
87 515
236 501
389 544
89 369
363 594
256 335
28 388
203 319
496 562
123 177
274 586
252 502
109 345
79 113
284 382
58 75
169 361
46 469
180 488
354 435
83 122
437 589
150 323
140 409
109 453
272 360
248 289
261 531
368 495
15 432
54 430
309 431
329 463
155 202
170 172
270 595
187 465
9 85
276 566
476 526
111 451
243 339
366 497
201 598
116 422
229 262
32 505
22 288
422 465
343 555
68 222
84 88
17 554
151 195
16 432
254 284
348 570
44 482
490 207 79 83 93 589 321 246 333 51 410 64 554 31 249 598 5 324 216 153 119 465 230 101 431 250 562 106 147 119 494 318 458 81 136 528 410 7 579 245 46 236 435 255 426 32 575 435 453 583 89 92 484 339 539 259 424 34 62 2 85 3 403 324 358 232 416 437 273 370 29 598 301 491 196 194 464 307 66 95 456 13 332 347 83 591 264 436 349 542 465 207 17 72 403 398 531 598 359 313 498 206 382 173 189 563 45 323 587 398 282 497 490 95 48 177 477 76 88 299 39 546 563 24 414 303 401 174 370 48 483 582 546 375 572 141 314 536 206 292 97 51 20 101 104 299 382 272 476 539 219 106 116 75 268 452 425 411 495 357 587 3 47 400 557 23 132 119 490 204 426 141 508 598 231 118 301 580 133 175 425 324 5 474 193 279 445 55 97 145 190 425 262 161 437 163 164 541 450 309 128 582 51 104 277 588 574 345 344 70 265 584 59 90 478 119 69 64 170 477 396 395 53 529 332 164 147 437 161 498 406 336 275 271 570 437 74 410 457 87 232 579 141 540 459 572 346 292 478 413 71 597 328 166 496 434 247 276 232 131 599 540 457 45 81 189 305 401 268 312 471 15 262 437 168 441 49 296 150 554 498 317 154 595 22 251 19 427 474 211 263 266 3 164 82 556 16 152 70 208 303 284 438 188 146 287 399 470 349 513 587 337 519 351 308 548 223 141 362 575 18 521 318 390 32 54 33 48 295 360 395 378 435 334 176 296 162 380 550 587 342 482 179 398 135 72 238 548 583 194 13 410 552 273 184 556 233 251 376 100 66 167 0 293 133 69 524 566 332 465 85 11 543 361 49 414 358 228 119 117 493 228 571 478 268 344 559 524 576 370 472 459 453 435 529 230 460 205 115 39 247 452 459 353 229 289 337 139 68 493 118 409 326 558 36 506 269 534 477 44 581 410 223 284 448 263 36 421 581 289 449 437 322 258 132 320 321 193 346 89 129 148 595 55 50 249 280 530 292 226 170 489 426 355 155 466 305 396 279 384 573 24 268 413 52 270 47 179 165 145 381 413 458 480 144 9 105 264 84 31 136 138 528 88 589 327 411 217 118 504 548 60 446 159 38 146 119 426 351 219 28 189 386 118 172 248 472 338 433 233 418 64 149 397 257 573 316 293 392 506 48 146 459 427 437 331 59 147 116 229 223 177 230 548 295 31 512 410 458 448 13 81 399 294 200 385 398 491 523 27 116 579 152 267 451 121 35 96 370 77 281 134 15 379 395 72 62 82 516 552 111 558 302 290 365 64 486 311 528 459 139 218 498 377 546 228 183 216 566 68 299 413 95 295 459 580 325 163 334 106
190 261
270 933
36 367
147 444
279 473
807 579
439 13
531 152
750 752
222 771
15 145
874 530
68 280
559 569
498 615
974 302
914 318
179 292
908 465
429 350
578 876
393 904
455 786
30 535
748 971
201 357
866 747
88 666
531 505
154 545
341 366
170 216
109 596
110 655
320 795
773 386
455 587
995 906
754 40
707 809
77 97
656 805
36 116
617 510
752 933
244 409
316 520
522 962
875 267
100 221
177 444
832 749
892 329
87 555
901 184
199 238
416 500
378 51
584 409
926 95
394 684
114 703
697 869
323 190
133 373
34 439
382 543
109 977
426 245
671 229
626 985
270 601
851 546
972 788
718 626
666 489
845 365
709 686
754 299
188 989
920 636
52 567
627 640
76 51
93 768
184 792
50 821
952 518
118 742
587 72
782 201
968 28
351 107
2 966
623 846
64 971
795 4
412 950
886 856
368 922
538 36
751 407
76 907
379 954
293 535
224 474
914 124
106 816
245 940
673 940
683 410
303 631
558 17
187 941
844 225
42 667
468 651
616 895
169 890
650 562
718 68
12 885
80 6
986 160
819 448
996 135
946 739
793 952
372 855
48 899
789 508
76 408
543 270
578 850
988 363
682 325
42 871
183 568
53 181
149 980
474 502
644 611
167 382
668 844
735 572
417 592
534 743
597 937
8 372
469 938
316 706
520 210
185 839
667 435
480 254
950 883
855 582
804 230
518 922
847 41
550 297
339 936
751 517
903 560
438 207
680 74
997 405
237 619
671 129
919 232
598 811
757 598
617 778
999 770
170 90
300 154
490 25
956 203
502 56
278 657
141 202
736 19
298 245
265 837
52 610
970 974
153 686
553 635
524 853
2 184
544 345
695 999
233 571
492 327
966 604
581 185
613 23
490 181
376 127
259 459
620 381
178 698
904 786
481 462
826 777
363 829
690 633
255 93
910 434
191 127
335 340
770 342
356 233
640 756
585 604
318 663
678 295
468 856
221 127
559 513
553 799
67 852
448 318
362 394
554 161
204 880
776 862
437 109
874 565
385 731
304 899
356 282
873 915
785 783
414 709
221 913
226 365
466 890
942 711
461 828
276 119
623 239
400 518
836 994
957 558
959 924
309 82
42 235
198 42
489 374
773 261
735 100
836 125
625 279
953 812
804 51
869 948
764 538
717 406
15 683
503 795
847 163
437 764
351 454
845 189
947 480
480 89
818 716
955 415
234 306
731 325
925 497
639 13
480 282
128 525
570 720
854 83
685 554
48 1
775 988
452 460
553 74
994 593
331 395
992 847
286 511
161 513
231 881
469 746
142 0
532 106
373 303
549 607
604 92
32 300
63 350
530 418
228 542
592 360
371 80
934 594
804 149
194 603
885 628
506 7
231 981
517 397
280 957
276 736
812 298
699 914
78 201
57 796
808 626
970 737
4 839
284 22
549 191
725 463
395 369
72 324
742 236
822 9
308 745
879 10
857 847
403 984
772 662
146 583
980 71
715 740
117 25
896 724
373 12
417 617
927 974
392 633
153 938
104 384
830 939
209 162
236 434
851 971
308 384
502 492
643 872
24 202
378 601
373 993
873 352
88 477
302 833
986 655
23 485
62 947
294 930
992 554
350 883
773 717
731 488
710 9
948 282
467 39
690 45
134 898
54 210
347 134
623 56
778 756
586 48
988 431
668 533
335 556
655 167
569 107
930 365
651 346
331 58
545 772
115 182
306 444
301 307
991 879
979 387
143 288
18 612
225 746
25 824
494 544
713 206
514 891
300 209
26 576
5 800
329 243
579 442
722 890
674 693
776 466
423 744
559 228
976 633
574 296
558 397
400 340
672 462
164 723
587 777
147 77
478 580
277 64
39 506
85 732
903 73
69 750
505 277
964 761
546 884
398 85
269 893
250 863
241 812
469 709
397 823
241 227
409 866
316 876
872 675
255 706
403 479
869 221
803 321
914 278
354 664
71 236
38 989
794 552
921 910
223 188
317 947
429 852
884 485
318 20
570 966
489 132
130 618
809 890
223 645
988 214
852 430
255 293
325 617
827 328
690 968
313 574
869 298
303 605
6 405
626 720
380 504
694 594
384 412
12 752
929 65
211 847
531 683
144 347
811 668
692 192
304 475
558 481
529 828
266 370
116 548
33 737
785 413
707 139
996 713
184 912
161 465
606 592
581 338
802 914
567 942
911 390
588 526
426 439
850 521
121 234
259 578
140 773
267 323
4 918
614 194
782 34
737 710
211 214
335 158
655 655
831 565
447 980
197 415
802 180
351 508
957 441
83 590
68 374
940 41
980 479
486 968
146 139
92 343
858 400
587 148
392 790
998 510
626 543
274 765
653 991
549 435
933 0
310 772
888 95
185 470
629 130
247 130
768 180
602 637
364 163
411 267
84 143
864 107
774 149
863 796
811 121
842 689
188 763
943 656
591 690
897 670
994 238
798 842
824 815
960 846
756 215
840 661
197 83
765 491
683 782
408 44
64 434
27 937
698 346
885 980
178 345
303 344
209 454
999 977
19 268
456 629
735 649
770 837
238 255
445 487
629 664
695 480
797 101
882 377
601 732
664 767
286 993
917 530
132 870
217 941
149 104
422 79
140 821
509 519
776 614
43 25
691 108
850 14
902 154
952 376
829 839
801 472
101 506
532 243
55 146
893 890
966 250
519 541
914 40
627 944
672 23
720 289
422 555
7 241
137 719
708 444
