5 7
11010
1011101
4
2 6
4 5
5 7
3 3
8 8
10001111
11110000
1
5 5
300 300
111111111111111111111111111111111111111111111111111111111111111111111111111111111111111111111111111111111111111111111111111111111111111111111111111111111111111111111111111111111111111111111111111111111111111111111111111111111111111111111111111111111111111111111111111111111111111111111111111111111111
111111111111111111111111111111111111111111111111111111111111111111111111111111111111111111111111111111111111111111111111111111111111111111111111111111111111111111111111111111111111111111111111111111111111111111111111111111111111111111111111111111111111111111111111111111111111111111111111111111111111
9
1 1 1 2 1 3
2 1 2 2 2 3
3 1 3 2 3 3