4 4
1 2 3
2 4 5
1 3 4
3 4 7

4 3
1 2 1
2 3 2
3 4 4

7 10
1 2 726259430069220777
1 4 988687862609183408
1 5 298079271598409137
1 6 920499328385871537
1 7 763940148194103497
2 4 382710956291350101
3 4 770341659133285654
3 5 422036395078103425
3 6 472678770470637382
5 7 938201660808593198

10 45
1 2 2
1 3 3
1 4 4
1 5 5
1 6 6
1 7 7
1 8 8
1 9 9
1 10 10
2 3 3
2 4 4
2 5 5
2 6 6
2 7 7
2 8 8
2 9 9
2 10 10
3 4 4
3 5 5
3 6 6
3 7 7
3 8 8
3 9 9
3 10 10
4 5 5
4 6 6
4 7 7
4 8 8
4 9 9
4 10 10
5 6 6
5 7 7
5 8 8
5 9 9
5 10 10
6 7 7
6 8 8
6 9 9
6 10 10
7 8 8
7 9 9
7 10 10
8 9 9
8 10 10
9 10 10
