1000 25 36
1472 1733 3171 3193 3399 4379 4447 4494 10762 11215 11308 11719 12456 13068 14235 18157 18581 19783 24393 25666 26708 27016 30165 31617 35799 39156 39494 39653 40597 43353 45043 55227 56487 57631 86995 126767
1139 1863 3017 3364 4394 4601 5417 5893 7366 8129 8384 10600 11714 13271 13290 15016 17005 18902 19851 21107 21280 22094 22731 25400 27002 29862 32317 32862 48242 49869 57457 64540 68803 83888 87190 130976
1171 1354 1946 4426 4570 5580 6329 6384 7194 7511 8596 9748 12141 12997 13133 13171 13661 16070 16733 19118 19713 23670 24226 26540 27776 32116 33342 37108 37330 55094 61970 72031 76758 78535 96402 114998
1314 1539 1633 2783 3362 7146 7647 10238 13474 13698 15503 15899 17870 18248 18556 20436 21332 21685 24784 25759 26918 28405 29656 29836 35066 36390 36390 36701 39508 46338 49393 54786 64337 65021 72591 85145
959 1896 3011 3571 3735 3751 4847 4876 6262 6462 6518 7050 7071 8405 8416 13101 16969 18118 18960 19622 19627 19738 21557 22231 23174 24145 27500 30589 40813 46082 54040 70633 101221 101888 108740 123824
1250 1570 2503 3314 3733 4682 5387 7170 7221 8229 8558 9417 10968 12049 12604 15906 16017 16224 16985 17659 18217 21502 21542 22170 22230 27637 28783 31232 31735 38079 38612 43361 66315 75800 124375 205606
503 647 2218 2347 2676 5559 5930 6109 7130 7508 8109 9152 11816 12795 13366 13582 14459 16977 17240 19059 19286 22061 22158 25692 27739 29598 29929 43970 45353 46415 59793 68536 69428 84529 88172 138975
521 578 1236 1936 2045 2311 4063 4646 6343 11264 11940 12319 12756 13286 15612 15822 19883 22053 22877 25557 25907 27196 31924 32648 35379 36305 44859 45008 45546 49446 52559 54474 60300 63101 80801 106206
1041 1701 3445 4164 5121 5138 5851 7781 8668 9478 13121 13810 13822 14135 15447 15472 17679 19867 21554 22686 26768 27921 30748 31018 33372 34386 35784 35843 41756 42823 43886 59866 66771 68101 87644 112580
2529 2984 5101 6476 7174 8730 13076 13319 14205 14354 16179 16345 17023 17568 17828 18451 18665 19011 20079 20801 21164 23035 23456 23966 24993 26829 32274 38925 40075 43308 48253 51206 70050 71133 94655 95538
287 320 499 1433 1880 2525 4558 5889 6451 6809 6953 8356 8489 11334 12946 13202 17274 24137 24490 25191 26363 27785 29809 33015 37452 44047 47171 50455 51423 52694 53706 54640 57445 58160 79769 111628
854 2352 3442 3616 3737 5270 5460 6372 8326 9900 10508 10967 11182 14036 14075 14952 15213 16131 16436 17976 19719 24150 25737 27640 31484 31972 37417 38467 39528 43707 49281 53228 53387 85544 87118 159471
1046 1415 1606 2170 6909 9704 10136 10236 10928 11043 12496 17193 18229 18905 20544 20788 21146 23027 27113 27541 29045 32179 33908 34246 35538 38180 38410 41007 41314 44250 45758 48505 48546 51568 62036 102569
191 1310 3499 4533 5979 6154 6881 8930 9514 10354 10449 11015 11213 14031 14145 14433 16055 16526 19805 24144 28339 29746 33526 37135 37871 38142 42248 42777 43150 43444 48049 54480 58408 67117 88384 96869
883 2491 2641 3270 4206 4607 7086 7309 7587 9775 9822 11609 12368 12889 14012 14630 20303 21838 22928 24591 27060 27447 28266 28482 29079 30320 43925 44718 44813 48799 52681 54164 61594 73108 81838 107956
559 783 5632 6766 7769 8572 9628 9657 11450 14509 16141 16222 16655 18840 18922 19820 21174 22806 23014 23441 24476 26284 28886 30368 32398 32632 40319 45213 45921 49422 53704 53904 59764 63797 65836 73737
718 891 1043 1268 2275 2752 3691 8116 8302 10828 11542 14480 14688 17016 17575 18505 18568 18703 18833 21054 22650 24311 25615 28316 29435 41601 42680 48329 53985 54613 56983 64379 65550 66258 68095 95782
343 2610 2777 2857 5200 6256 7029 7160 7909 8227 9552 11256 11375 14208 14478 14806 15584 17954 18252 21141 26821 31093 31406 31773 32303 37714 38549 38935 41136 49195 50111 51494 68734 82614 88128 100322
2330 2591 5651 5793 7749 8489 8916 9514 9788 10166 12166 13802 16756 18348 18775 19993 20700 20845 20950 22921 26714 28853 29987 31676 34269 34671 35591 38645 39474 39506 45812 52346 57666 69365 72611 105531
643 801 1048 1491 3097 3460 3814 4377 5095 7847 8062 8165 8794 14873 15571 16716 17331 18723 19732 23286 24040 26890 29317 31765 31841 36638 38711 39440 40415 41792 48396 60772 62595 87000 93161 122877
1258 1558 3273 3699 3946 4799 5325 5626 6567 6568 7237 8418 10482 13103 15083 15191 16905 16913 19948 20153 21929 25905 26820 27543 31489 33414 38239 39014 40784 49166 61204 61482 64355 74374 102015 115637
156 219 359 977 3288 3672 6173 6521 7351 7531 9389 11018 11378 11869 12586 13043 14888 16656 23014 23641 27450 28716 32440 33764 37712 44784 48459 49673 55188 56320 57221 57307 59775 65712 70333 90708
14 1097 1639 2672 2677 3239 6238 9451 11150 11583 12806 14814 18620 20000 21474 23864 24282 24393 24631 25554 26904 29713 30073 30610 32322 34294 37698 38517 43689 51188 51522 53580 60716 69800 73048 75115
357 2171 2178 2785 4408 5845 6199 6790 7628 8621 12016 14354 18420 18447 18938 20643 20781 21711 24009 24145 25463 25756 27615 28982 34857 35405 38636 40079 44955 46786 55271 56606 67084 70252 76214 84809
3497 3825 3991 5140 6133 7325 9304 9607 10697 11522 12827 13064 13615 15292 17504 17877 19684 21258 21462 25695 28317 28775 32968 33446 35171 35415 35475 36713 38214 40343 41754 50137 54485 62822 72873 122417
