20
33 148 199 4 5 175 113 196 106 52 132 195 197 19 82 64 91 100 83 178
41 16 98 132 97 196 164 88 109 141 146 189 37 86 74 129 83 103 120 58
112 36 182 110 26 89 92 139 81 192 163 119 154 24 89 92 140 32 51 49
70 33 172 79 13 13 5 111 71 145 25 98 70 147 8 55 158 156 154 195
172 6 12 7 22 164 186 112 116 73 192 9 169 176 141 179 59 124 90 147
183 180 72 144 125 184 97 107 115 161 50 15 161 166 155 102 106 104 168 117
170 134 197 16 46 123 160 117 199 119 93 139 136 138 20 26 1 151 122 101
43 41 68 122 53 27 191 64 3 45 44 177 42 27 190 80 170 49 135 174
87 34 79 114 173 30 165 67 163 182 94 107 10 54 12 131 151 14 191 111
66 9 152 127 180 40 17 56 76 34 104 162 118 194 184 96 181 118 38 77
3 143 31 169 78 138 93 6 55 173 32 116 35 134 99 102 188 183 10 128
145 85 59 189 155 129 153 68 149 198 167 30 160 35 48 2 81 185 29 24
165 174 73 72 185 137 152 48 74 0 95 65 159 50 76 167 39 66 28 63
44 87 0 38 178 148 188 110 61 144 75 133 29 140 22 142 135 14 126 45
67 57 130 108 171 11 130 157 23 88 71 20 56 181 105 60 90 146 75 198
37 65 120 131 57 142 91 176 187 159 143 190 123 40 128 8 82 193 31 60
77 175 19 18 47 85 69 168 194 153 53 58 171 15 42 126 47 115 136 11
125 114 105 94 121 150 25 121 162 113 2 84 95 109 84 150 187 39 62 133
80 100 186 52 179 166 63 21 157 124 193 69 156 18 7 43 61 78 137 54
158 108 28 62 17 99 51 149 127 96 21 23 46 103 177 36 1 86 4 101
