236
11 200
453 2 378
85 410 239 54
50 240 113 25 294
303 231 146 65 155 252
368 327 321 251 451 182 142
101 17 43 403 217 161 347 398
350 287 363 48 80 447 385 233 197
438 424 439 121 357 380 51 245 57 304
141 91 100 344 194 250 432 322 58 281 219
412 266 26 318 269 111 59 450 99 301 36 320
218 135 278 225 227 268 313 162 420 214 42 166 55
181 191 75 335 332 372 144 342 29 94 427 62 334 409
377 213 369 117 307 428 280 152 242 88 460 175 351 340 230
209 139 288 132 47 456 167 205 455 38 27 326 306 134 108 34
389 441 393 361 120 296 331 316 458 183 170 40 397 274 402 103 408
136 463 82 0 364 150 462 157 67 92 419 371 156 228 1 138 53 349
174 129 71 169 199 367 87 443 359 172 298 22 244 415 401 373 417 160 305
254 158 84 9 435 130 118 430 203 345 185 388 379 207 220 238 196 208 289 153
425 356 109 237 116 212 358 396 270 179 262 76 370 444 308 229 105 148 365 429 248
386 93 376 86 442 184 273 243 81 69 189 204 355 106 154 257 464 107 70 215 77 241
127 404 180 123 362 124 234 300 173 222 72 329 140 147 232 3 187 114 381 133 44 387 60
145 4 210 49 382 433 457 343 315 354 149 255 299 12 28 421 394 211 102 297 360 8 314 328
46 256 416 336 423 295 90 112 168 309 64 96 260 437 440 366 323 35 383 346 79 293 61 312 202
18 23 20 221 31 452 178 461 6 21 201 143 324 277 341 283 291 5 41 66 411 317 258 406 19 188
164 261 16 137 426 264 98 78 45 310 246 176 319 95 384 68 392 37 265 190 249 73 198 15 32 330 311
131 282 434 271 400 445 104 56 119 263 374 337 216 177 449 353 24 192 390 39 33 223 407 348 195 279 290 110
267 89 375 284 13 63 391 422 272 259 30 97 125 459 413 333 52 448 399 122 83 126 275 302 115 14 338 446 339
171 206 74 163 292 454 405 247 395 285 193 325 418 352 286 186 128 7 159 431 226 165 224 436 10 276 414 151 235 253
0
1 2
3 4 5
6 7 8 9
10 11 12 13 14
15 16 17 18 19 20
21 22 23 24 25 26 27
28 29 30 31 32 33 34 35
36 37 38 39 40 41 42 43 44
45 46 47 48 49 50 51 52 53 54
55 56 57 58 59 60 61 62 63 64 65
66 67 68 69 70 71 72 73 74 75 76 77
78 79 80 81 82 83 84 85 86 87 88 89 90
91 92 93 94 95 96 97 98 99 100 101 102 103 104
105 106 107 108 109 110 111 112 113 114 115 116 117 118 119
120 121 122 123 124 125 126 127 128 129 130 131 132 133 134 135
136 137 138 139 140 141 142 143 144 145 146 147 148 149 150 151 152
153 154 155 156 157 158 159 160 161 162 163 164 165 166 167 168 169 170
171 172 173 174 175 176 177 178 179 180 181 182 183 184 185 186 187 188 189
190 191 192 193 194 195 196 197 198 199 200 201 202 203 204 205 206 207 208 209
210 211 212 213 214 215 216 217 218 219 220 221 222 223 224 225 226 227 228 229 230
231 232 233 234 235 236 237 238 239 240 241 242 243 244 245 246 247 248 249 250 251 252
253 254 255 256 257 258 259 260 261 262 263 264 265 266 267 268 269 270 271 272 273 274 275
276 277 278 279 280 281 282 283 284 285 286 287 288 289 290 291 292 293 294 295 296 297 298 299
300 301 302 303 304 305 306 307 308 309 310 311 312 313 314 315 316 317 318 319 320 321 322 323 324
325 326 327 328 329 330 331 332 333 334 335 336 337 338 339 340 341 342 343 344 345 346 347 348 349 350
351 352 353 354 355 356 357 358 359 360 361 362 363 364 365 366 367 368 369 370 371 372 373 374 375 376 377
378 379 380 381 382 383 384 385 386 387 388 389 390 391 392 393 394 395 396 397 398 399 400 401 402 403 404 405
406 407 408 409 410 411 412 413 414 415 416 417 418 419 420 421 422 423 424 425 426 427 428 429 430 431 432 433 434
435 436 437 438 439 440 441 442 443 444 445 446 447 448 449 450 451 452 453 454 455 456 457 458 459 460 461 462 463 464