#[26, 22, 33, 32, 25, 27, 34, 10, 9, 18, 5, 15, 19, 3, 20, 7, 4, 11, 21, 13, 1, 12, 0, 6, 17, 35, 14, 8, 2, 23, 31, 16, 29, 30, 24, 28]
2 40 18 45 36 46
10 23 12 5 1 56
54 8 41 42 31 34
27 49 25 9 43 14
28 30 16 44 21 3
51 59 53 58 50 33
#[28, 31, 8, 11, 22, 35, 30, 12, 20, 1, 17, 25, 15, 10, 9, 2, 3, 19, 23, 6, 5, 7, 29, 34, 13, 26, 0, 4, 14, 21, 32, 24, 33, 16, 18, 27]
14 1 57 44 54 18
0 40 21 43 33 51
39 3 11 50 34 15
46 32 38 59 35 31
37 12 17 19 49 4
22 8 56 48 58 47
#[30, 19, 23, 22, 25, 34, 20, 0, 13, 5, 14, 29, 26, 1, 2, 24, 4, 15, 11, 18, 7, 9, 17, 28, 8, 3, 10, 6, 21, 31, 35, 16, 33, 12, 32, 27]
16 49 9 7 5 24
17 22 8 50 51 30
37 33 6 48 58 36
56 32 43 15 31 34
4 57 10 21 18 52
59 39 28 44 38 12
#[28, 35, 21, 8, 26, 25, 22, 18, 12, 19, 14, 34, 27, 1, 0, 5, 2, 9, 31, 11, 20, 3, 6, 30, 15, 4, 13, 24, 7, 10, 32, 23, 16, 29, 17, 33]
28 30 2 6 29 32
4 57 22 44 31 45
9 43 39 11 37 14
1 47 56 21 34 16
36 17 40 51 23 13
58 24 18 3 50 19
#[24, 31, 21, 22, 10, 35, 20, 13, 5, 18, 16, 30, 23, 1, 15, 0, 3, 34, 12, 7, 19, 27, 6, 8, 17, 4, 9, 2, 11, 29, 28, 14, 32, 26, 25, 33]
6 5 14 23 40 54
16 52 13 37 39 17
20 55 58 38 12 36
22 7 30 4 18 21
41 32 26 24 46 34
33 15 11 44 56 48
#[33, 28, 14, 31, 19, 35, 18, 12, 15, 0, 3, 29, 32, 11, 16, 2, 7, 27, 17, 13, 22, 4, 24, 34, 30, 6, 1, 8, 5, 26, 20, 25, 21, 9, 23, 10]
24 6 20 40 39 2
54 43 7 22 30 57
10 33 42 37 12 36
5 49 3 48 4 32
53 34 16 55 35 41
17 52 11 31 19 51
#[35, 30, 33, 20, 31, 27, 10, 13, 5, 4, 2, 19, 25, 11, 12, 14, 1, 26, 32, 22, 0, 21, 7, 24, 23, 9, 18, 3, 6, 8, 34, 28, 16, 17, 15, 29]
30 9 33 14 25 17
57 4 51 50 21 7
22 28 43 27 11 1
20 45 52 6 13 37
3 46 38 34 44 32
19 15 2 18 12 40
#[31, 27, 32, 13, 21, 35, 29, 24, 8, 12, 0, 5, 25, 9, 16, 10, 20, 26, 11, 22, 4, 3, 19, 30, 18, 6, 2, 1, 7, 17, 33, 28, 14, 15, 23, 34]
43 52 34 12 28 37
21 50 8 53 32 46
35 33 16 51 22 17
9 41 40 24 13 23
27 7 6 11 38 3
59 56 5 48 39 49
#[33, 12, 23, 24, 27, 35, 19, 4, 3, 26, 18, 29, 32, 13, 10, 0, 8, 28, 31, 5, 15, 17, 7, 14, 2, 9, 1, 16, 6, 21, 22, 34, 20, 25, 11, 30]
37 56 27 33 32 24
41 50 43 9 55 46
47 3 40 8 54 25
53 58 51 21 18 1
16 49 11 22 39 14
6 13 23 7 17 52
#[29, 22, 27, 30, 15, 28, 17, 16, 9, 2, 8, 7, 25, 26, 3, 10, 21, 34, 11, 19, 5, 4, 0, 24, 32, 14, 13, 1, 6, 31, 33, 12, 35, 23, 18, 20]
0 21 3 5 44 19
49 18 1 52 39 37
46 43 12 51 31 47
23 33 38 22 50 29
58 45 54 13 20 17
34 10 8 40 7 16
