11 11
0010010000100000000
0110100101000101001
0101110011000000111
0101001010010011000
0001001001001110101
0010100100001101010
0010010001010101001
1000101000110001100
1010100000010010000
0110100000101000100
0100110010010010001
1000000100001010101
0110100010000001001
0101010010101000100
0100000001010000100
0000000011001001110
0011010010010100110
1000110111001100111
0010001010000100010
0001001000001010100
00001000100000110100
01010011001101001000
10100000000110100000
01001001101000001010
10000010010100000000
00100101110010101000
01011001001000010110
00100100010001000000
01000011110110001011
10010001000001000100
00010011110110101000
00011110001001000110
10000000100010110100
01010010011000101011
00111010100101110000
11001011001000000001
00000000000110110000
01001000001000000000
00100000001100000000
