200 10
104 30 153 59 166 89 135 70 168 55 6 54 52 109 21 53 76 18 60 101
107 133 115 114 61 97 147 66 108 5 96 197 176 13 100 158 90 41 17 173
172 121 43 127 75 72 3 83 9 56 150 182 199 86 155 20 192 57 49 19
80 183 124 68 58 157 140 178 1 120 144 51 184 165 94 142 32 73 125 37
111 7 50 171 4 146 118 123 106 88 33 116 130 138 79 134 141 187 143 161
44 167 177 170 39 132 139 175 181 117 190 14 92 110 91 10 112 189 93 169
47 174 185 12 160 95 62 24 38 113 188 67 119 200 71 31 137 129 11 2
28 36 151 99 40 16 8 15 77 78 128 152 42 186 126 69 136 148 48 195
196 25 149 162 180 156 131 105 103 26 23 35 46 98 194 154 64 63 191 87
164 81 193 198 29 45 65 145 84 82 163 179 74 122 34 85 159 27 22 102
