365
2 99 18 90 11 25 50 26 57 74 73 32 4 50 81 82 19 92 47 97 43 6 92 45 14 24
20704 21183 16332 9163 16503 21808 21045 9219 34567 14378 16678 13901 10831 15838 10136 16958 24300 16939 21776 12530 11707 17183 12250 8452 16576 9433
9611 17267 13088 14267 16895 14617 22222 9480 14293 13888 13227 13877 17934 17286 11132 12562 19609 8776 14724 5482 15292 16863 7873 13340 11189 11234
16480 11064 16718 16504 19627 23861 20554 10979 18064 18862 18867 16067 17232 21679 9599 13235 34143 25413 13318 26184 22361 14865 9011 13244 17956 14539
21182 13068 19256 18194 11410 16050 18095 20304 0 22412 11304 16614 17744 20943 13911 18251 25813 10070 22481 26183 14080 17837 18681 11054 8430 11527
6503 18698 12242 11906 8823 20739 19177 8897 18829 17338 29559 16115 13534 15128 7363 12793 13496 22812 17533 15931 761 17563 23092 4314 14681 15530
20074 14078 6224 8271 24810 15263 25258 12842 32320 19463 14346 16084 16121 19155 17887 13956 22998 8286 20204 27502 7511 14275 26210 17746 6308 13732
9996 12516 17630 17178 17380 18524 14964 10726 21064 19082 12422 13111 13623 18515 12491 12291 18511 18489 10448 17224 13341 18008 12877 14479 18690 14653
14151 18601 9538 15486 18565 13267 23719 10933 22708 26476 13148 3186 19762 21793 15649 13537 10385 24325 15552 19115 21272 12572 17572 18078 9091 10056
19458 17046 18736 11374 8260 13703 23133 18391 9901 15614 22495 16872 15598 17933 11521 10554 27065 12839 12029 16188 15665 16715 16659 16280 15085 3425
14192 20620 11345 19827 23160 15381 19412 11866 19814 13950 11382 17408 16667 16759 0 13505 17446 9223 21891 23929 14533 12315 15669 18572 19508 8569
26298 22537 18223 13093 29526 17089 9552 18891 3364 16364 14079 17789 15505 15130 12553 13007 15433 13912 14898 16205 26212 13829 23338 13730 0 8398
12501 17296 14311 9702 20684 15370 31796 12163 7894 20896 14086 11665 19333 24766 20454 11877 19446 26808 18293 18733 12435 14744 19496 9646 17812 179
12563 21423 16266 13302 24446 13000 18050 17394 4791 16355 22021 18060 15663 16167 23095 14395 15895 21313 20563 18083 20447 18006 14674 9498 0 10648
22359 3298 17435 17096 14905 20872 25414 13898 7607 18111 9271 24398 20775 17391 16589 11614 22925 22020 17616 23128 12804 14345 20218 6561 19877 13600
5412 19177 10254 14625 12403 16159 17000 8706 18961 14483 9445 15253 12545 12911 17742 12262 20993 21659 11882 8888 16082 17888 21565 9539 15719 12611
16776 19313 17452 16011 18063 20044 10925 12004 21400 21559 19915 0 16900 15866 0 15902 25465 19135 11024 19386 13569 16169 23957 8480 8856 14565
22979 21963 12510 14259 17884 17388 23984 5738 14140 21076 24007 24764 13965 16542 16005 10030 22857 28440 14139 18448 19193 15995 19578 13533 17906 15060
13386 26315 18670 13278 19522 17849 20856 11129 19705 23269 18647 7538 21675 21873 9739 10417 14827 10710 12464 26646 24252 17833 17031 13614 10196 10694
9552 22411 16368 14699 14773 19574 12382 16406 15494 25414 16697 16786 18299 15091 6226 14211 17617 12159 18520 18855 17809 12670 4514 8009 12920 5354
16568 15017 18423 9058 13212 13745 16453 9865 19669 22610 18373 21853 17772 19951 13865 9100 25675 25644 20242 7228 5012 15408 11800 15110 3508 12017
12357 10829 15091 17825 19482 23945 27032 8553 32625 16716 13523 21972 14585 16748 10659 12513 11644 19563 17845 18387 19548 12933 23737 8973 17812 8121
4845 20193 17941 11113 3102 20648 18083 18064 19210 15575 18253 0 19414 16875 9762 16122 19826 21558 16739 16405 12199 18383 17295 18268 10438 7031
6480 9311 17381 11510 18542 15073 3219 10429 49857 15598 22133 16893 18618 23903 6524 15459 20638 20052 16047 20026 4012 17128 15925 15170 7486 11507
3534 15696 17324 23082 12392 12807 6440 13171 9689 13914 18145 17206 14047 16911 14839 14073 9734 18638 16991 17661 10539 10524 19881 9621 23748 14954
8116 23033 11202 11151 16221 15351 23613 14822 23980 8155 19417 14866 15584 22265 19330 10998 13722 4470 11064 20538 25734 18042 17479 9643 17849 14248
19764 9028 16512 22204 20787 12419 19739 8786 33934 23656 16580 25214 16047 14769 12618 13807 19462 17723 14230 24885 6875 14076 19710 12638 11185 17173
18999 20414 18072 13728 8309 19174 17999 13591 27360 15873 15338 16799 15028 19396 20757 17053 10911 13740 13224 30037 29795 13479 10446 15362 16055 9295
11266 8554 9937 19472 14767 12535 31251 13012 24515 16957 21757 11521 13334 21073 21657 6741 12276 8877 10824 15383 19987 16074 21251 10888 24321 7983
15691 23642 19012 13558 17039 16940 21149 9561 8368 20115 18555 17705 14370 20663 20868 7510 17506 22008 14470 12896 16168 14627 11823 6156 18227 10997
4569 10492 17494 16710 22211 17811 27375 10543 16172 9595 14063 10700 16655 10968 6760 17329 17702 26759 16166 15424 17997 15973 20733 7966 12964 7939
14841 6790 13883 20324 26959 19087 7717 11144 10889 12083 16151 10631 11931 19417 23232 15348 14225 7375 24089 18649 16058 13427 16064 0 4801 17189
18620 20552 12491 16984 25151 18334 16150 15071 13168 16157 22509 26163 16797 13946 16326 8574 17905 15373 16991 26320 6814 15332 24123 3102 16674 10240
20185 21366 17068 18329 19271 16852 2318 12086 19055 9581 16112 22979 17818 17708 11392 18128 13535 12949 17848 22281 4785 13033 9239 6891 17847 11735
10351 24508 13903 18212 18481 10240 2635 17801 13980 18530 19917 12334 18071 20547 18312 13402 16231 13573 15328 7574 17772 13506 15057 10519 9400 12951
16082 19193 12023 15742 15950 16921 14022 11504 11116 16128 14132 20727 15832 16055 13284 9146 34006 13421 8904 5839 20156 12834 22721 13189 17056 16319
17351 23955 14292 16462 22081 18678 25025 16285 0 27152 18275 17089 18963 18589 22779 14598 18662 15693 16836 19775 7501 11166 14046 13676 0 5177
17806 14907 16975 16200 12783 15351 24359 7172 7278 7427 18742 8365 15311 11445 12077 17326 16884 8953 18297 24135 8699 13706 11028 12046 7873 22330
16576 15250 10742 13471 12781 19213 24935 17247 30937 18874 22541 23000 17279 24070 15395 10046 22952 12647 16350 15308 17830 13902 20046 15000 17619 11030
10624 15743 17801 17966 14631 16095 23772 12589 9312 28961 14748 4132 14138 17144 15991 14439 16811 4599 15589 7743 23846 11886 10605 14268 4026 7416
3936 13439 15015 11485 25591 17782 25422 10234 11407 29651 24154 17015 11967 11524 20080 9087 18178 3988 19785 16508 8506 17263 15176 11023 4611 20459
14596 15631 8519 12641 31632 16570 18106 14502 17839 28976 14770 18084 16780 24074 18262 19227 9612 8645 16298 23411 22288 14526 7395 11303 7426 14420
8654 15855 11685 13617 17183 18762 19794 22757 20575 23910 12179 21795 17975 17562 21758 11366 15079 19099 23248 30124 20627 16099 20079 10344 12197 0
19267 15251 15861 9734 18857 19558 20924 15560 14306 25757 19451 18193 16241 16001 25845 7985 17978 14448 16319 22729 5514 16234 22943 9621 25131 11296
11723 14563 10849 14493 21685 21894 25560 11462 5342 14075 22805 8633 17245 16297 18413 13232 24638 29586 19504 8885 23717 18191 9658 8961 15037 8677
19969 16954 14869 17867 9996 16690 26394 6343 33160 17892 20161 28202 16165 19785 10313 14415 35331 10807 15379 22757 21882 15698 17146 15021 5769 12901
2668 14366 18823 18584 20870 23598 18753 13635 7140 27206 12997 31264 16226 17930 1386 10989 18434 16961 7482 16302 21189 17112 21170 12779 16283 947
9622 4972 15470 15446 28251 17609 24422 16881 2499 23189 21109 24180 18196 15574 11936 10439 25751 4561 14961 15152 13226 14539 30689 6745 5409 13630
15916 13595 16174 15801 19723 18326 16892 16868 16969 27673 26335 20769 15122 24044 10545 14819 22527 12444 16964 24282 23778 16313 13379 12280 7757 9363
13147 16639 12685 5937 8854 22813 35705 12061 13235 13520 18156 15527 20713 16526 21909 8166 21821 21468 12333 20284 14177 13074 21948 10846 9147 17368
14720 6034 16765 8906 17232 17130 27078 18218 10695 25995 16605 27941 16682 22624 9029 16958 20772 23477 20140 15111 17410 14359 21715 5557 0 4344
13124 16345 20456 14264 24455 19243 35272 16367 18413 18667 8107 24073 23281 13548 4483 13999 19318 5520 16227 21608 16369 13391 18310 19941 11164 9697
14684 19019 15111 16792 8111 17881 23333 9916 21398 22770 17964 0 14738 21804 7699 5468 27759 9410 13108 24257 16491 12796 19612 10978 4064 18975
16416 18598 12262 15743 10260 19593 16768 12383 15683 8933 18556 24258 14473 20624 1198 10172 24864 12134 18674 12939 18022 17543 13780 9206 24691 8716
16029 14283 21845 12992 16569 20317 26319 14937 6635 6525 22371 12981 17897 13215 16467 13541 11761 28303 18208 14713 15833 13526 12896 2887 8167 12438
11982 20278 12995 11823 20969 15615 19680 10427 21796 17519 13517 23771 14218 23367 10477 9663 14614 25540 12247 22269 1757 14967 20985 11758 12633 7853
18871 11493 12320 15065 10504 16117 21130 13268 8446 17131 24070 8486 17152 16584 11327 15893 27231 10646 20038 29048 21988 12650 16374 15207 18083 9870
10774 17665 16166 12585 23953 16481 25828 15501 22658 19007 14115 0 16390 15367 29073 14614 16798 22386 13809 19453 7872 15744 10419 8627 14509 12940
15211 15059 13404 11433 14485 16000 26646 9609 6085 23235 22495 11224 16935 18641 25203 17353 17094 13108 21793 10020 19178 12880 17370 6493 2525 11219
16302 23519 18015 16345 23877 21626 21024 12981 22427 15192 13932 8809 18189 25457 14153 14566 26339 20742 16713 11922 3981 17037 11978 12083 14430 7674
9440 14334 10894 16128 13221 13936 12916 15109 16572 9399 16697 14901 18171 22484 19922 13084 20183 16483 20261 23358 11138 20111 17932 15328 3964 11713
11463 21507 16936 15065 12340 8385 21191 11984 2739 9043 14703 23220 12781 23676 21659 15792 27299 15701 16746 15352 17683 15328 10502 17130 9335 11846
14893 12009 15897 12594 19682 14422 23376 14159 12113 10103 17512 18031 17335 16523 7469 11143 12060 18947 14602 9409 7401 13845 22552 9165 9051 9545
25561 16693 10399 11984 14826 24705 26025 14052 27115 11149 13756 28200 13300 17853 11961 11161 20669 28661 8398 12692 11551 18211 21079 7210 0 8148
12610 21188 7253 7696 11393 22120 24526 13137 15510 18958 20221 10588 14901 14197 13344 17139 13214 26210 13114 8795 17692 18132 16650 3449 9417 12166
12639 19952 19873 12083 22894 11833 27552 7377 13803 15694 11898 9436 19019 19613 20547 15699 17771 10839 17780 19941 18527 15758 20874 12794 10543 13653
14881 14934 15318 11303 19273 13724 16609 15445 21292 17906 16095 14128 15304 19852 13042 15207 29780 17453 10780 12178 21422 19230 20748 19330 15087 12160
12870 17205 18127 15188 12817 14868 30034 14058 26608 18899 15015 22261 17159 17165 12559 13005 9929 14624 13040 33103 6863 14529 13175 4922 11518 11443
7018 27206 15236 14035 6134 18408 17605 17921 20113 13367 16555 1750 15598 13624 2624 8187 20865 13306 9999 22821 7589 14807 16570 8826 12424 14084
19864 17124 18060 24299 19283 14847 7621 8279 10930 18486 14652 17071 16443 20072 23973 9309 20629 9822 16083 6704 18141 14220 15641 13956 12952 7941
12320 24480 18808 8878 11270 21015 26212 15054 16765 21424 22934 4463 14501 20675 4880 10320 20785 22718 7872 19491 10607 11029 10083 16159 0 8492
17171 12738 15325 18444 13748 15164 21411 16096 8870 11881 15751 14469 17561 19893 16413 15617 17899 22178 16128 18822 17419 16242 20957 3661 9046 10079
0 16625 18724 10608 19184 24534 14219 16347 19822 22672 10035 5703 19431 12304 10830 10068 18667 20627 20020 30377 23900 13377 23467 19284 19316 14942
12763 11608 14143 10922 21245 20222 13396 13716 11929 14902 20784 14702 16323 17245 15911 11835 24558 16125 11054 20058 6557 13918 21190 4107 2991 18374
7615 23419 22123 13855 16047 24016 12102 13919 13313 18180 19860 18308 16664 25276 10083 11126 19186 16980 18806 17149 5077 17421 12698 12616 5039 8409
16503 16536 18448 14614 14202 17385 27373 17236 18614 20065 18637 26871 16494 19532 28979 19273 15155 5449 10292 10443 10109 19688 30520 16111 12927 3070
12992 23488 19926 10326 24030 20436 21856 14006 24830 21129 13207 12603 15837 10698 21962 14186 21865 16706 14605 17801 22075 11896 12939 15891 11586 11394
11752 9699 12827 10398 14211 21056 19238 15060 12450 16478 17261 14310 14939 16141 9906 15638 21558 5271 15763 16984 15765 11864 12262 0 16415 3032
13658 14446 16136 10539 13657 18747 17512 8084 38124 26148 14982 4421 12130 7594 24395 13369 20633 6967 11056 8457 14282 15847 21192 13703 16262 15290
15721 20124 17622 8597 10959 18822 26186 16291 11159 18846 11145 13832 20239 22325 29661 10337 22891 0 16007 14817 16891 13076 24568 10203 16819 12721
20087 21774 13666 18673 18706 13929 24292 11622 7437 18249 13900 7953 16119 18292 15156 7635 13673 34281 15712 15791 24166 15746 10391 16769 19683 3084
21406 18995 13533 20985 9031 18344 21622 16582 19853 14023 17613 3919 15645 19478 19030 9470 14132 19099 18325 15050 18018 18844 8019 10405 0 23955
18688 16776 12704 6621 14044 13563 16988 11738 20720 12996 28596 15637 17586 17805 9728 15394 22886 19394 12615 25239 13811 16323 8249 15606 20284 9488
10817 23431 13434 14950 21553 19987 32808 14772 8823 17852 21287 10430 17737 19654 20832 18837 26756 12753 16364 22234 12345 15627 6890 8907 6881 11051
21590 7529 17063 26311 7219 16928 21613 2571 18614 23111 14907 13905 14549 15602 13960 15000 27181 14143 20226 19501 9709 16006 16609 11465 16671 12655
9978 21666 17472 10740 14432 14970 45963 20088 8631 15074 17403 18166 19174 13250 21718 12833 10211 20383 22112 18671 16122 14964 21732 15940 14185 0
16744 18965 15698 10770 27217 19898 23855 18011 26593 19242 12492 17262 17144 18763 13047 17739 12533 15597 14543 10591 11953 10692 15129 16238 8492 9529
13775 9543 14528 12260 12046 19349 24745 16195 13678 10726 21314 10445 15473 14807 18082 14458 20550 11101 11484 12763 18258 12513 15425 13251 0 13620
7724 21551 15295 12440 17457 13312 4334 15354 13187 7931 21716 16265 16382 20541 1944 10067 23389 4929 13072 14086 16797 13319 13070 5450 17712 6541
14633 21539 9949 13011 12972 17123 21053 7318 21491 23534 14316 18761 18509 15079 18743 13219 26248 12357 14249 19549 15651 11646 18349 6135 13749 16632
16968 13167 11825 10962 15081 11523 21847 10902 7905 17503 19548 19355 15239 14832 15242 11945 14127 20497 16668 17595 14285 17163 19252 5399 2404 14668
16704 20809 13912 16148 14709 18628 21358 13508 17511 12381 17193 9752 17456 14114 22333 15118 13069 14405 16142 24404 15439 13203 2741 7536 5138 7183
7034 14307 20538 20709 6625 18419 4038 13711 9440 18878 16672 10009 21947 17568 12231 8724 18117 16088 12217 24251 14987 16664 14580 12830 18910 15130
13162 18851 7942 8407 17869 15941 26575 12285 462 13127 16879 13663 17176 14528 24871 10115 21793 20169 14471 15974 6027 19224 22996 18506 0 2059
13909 26785 9445 13978 11014 12799 16106 8752 25114 24154 20534 21611 12934 13245 28160 11384 14125 0 19588 22729 18538 12074 14931 7853 17590 17447
10644 23882 12957 18298 12404 17352 28967 12350 6983 20272 14096 8262 15842 19783 4399 8920 17300 16583 22358 9749 14322 15473 5621 6457 0 11411
6701 17926 15296 11014 19910 14996 26900 15352 31430 7486 17513 11891 17502 18572 13764 13465 15523 0 24659 16633 19079 16976 7103 7731 4231 4535
16191 23013 11395 12775 18357 19677 15082 17761 19910 28967 22415 2030 18896 15044 15807 13121 23032 21191 21764 10826 28302 16354 13038 7420 25254 6669
15767 9567 16750 19170 18234 22560 25374 13818 13852 19599 16759 6175 15709 22501 9643 20139 11434 16534 13022 19854 18869 13556 14285 0 9279 6062
15899 13321 12656 10578 13281 19353 17542 16620 23627 19911 18377 18464 16616 18225 17296 10045 13600 17199 15019 22273 15992 13590 16812 12915 15038 15393
18977 17813 12454 16545 12953 15308 17376 10853 16501 16543 16340 33696 13957 17472 19338 13692 14418 7086 27025 24967 19312 15870 7706 448 12143 12100
9380 31030 20132 11171 17987 17978 22662 12296 9545 15481 19756 11018 14053 18195 20940 16148 19756 9447 15879 14517 19102 13463 7892 18456 8531 8990
14333 13983 10558 18202 17047 15654 11829 6623 21104 22196 18119 18834 16728 19010 11513 11508 12380 26721 11313 13114 22401 17129 14079 4307 2981 13632
18598 18523 18958 19324 9209 16163 31344 10330 9278 12092 14882 10706 17384 23812 4286 11684 14249 10931 13831 21754 12279 16830 21467 2825 23095 13338
15582 14809 20538 20360 14553 17151 11228 7627 10360 15525 14154 21701 16382 19038 5559 9693 5506 18393 18675 13066 18021 13597 13589 4688 361 16143
14979 21438 17784 9774 15933 18647 28332 13420 21533 19243 20792 16718 21732 13541 21120 11414 18949 15778 27496 14646 17721 18061 8365 12396 2322 9875
11702 17698 17232 11120 14287 15672 16509 14696 14969 23224 21316 19167 18862 21787 20991 18088 22792 4829 18028 17049 0 20328 17804 7266 17419 10647
17461 15329 13570 11513 14489 17994 24362 5616 17287 20427 18275 20825 16775 25429 21439 16433 23096 16110 13572 9521 14395 14916 17292 14203 0 9989
19993 13970 22048 13411 9606 13225 15650 11223 13925 17729 15760 2888 17798 14733 15043 14230 16484 7288 17530 22254 11785 14691 10642 14632 6647 14606
14410 7773 17486 7349 11894 17052 11692 15466 25756 15426 19220 20039 16737 19575 21193 14623 18962 24090 18556 26749 20570 14131 8720 8651 23710 1167
14542 14430 13196 22189 19092 13730 16086 9351 398 20706 24033 18544 18500 18416 27733 14791 23173 11181 13546 17613 17406 18458 8154 5948 2981 12555
24215 5669 10101 18250 28644 18785 16058 7661 19225 22161 15811 15343 14847 20370 14397 11807 20361 13767 12828 14809 13317 16979 28471 3723 13470 12975
9739 12447 15587 11117 16549 18343 21180 12035 24193 20948 15261 21109 14708 19106 14414 21032 13522 19724 18513 15566 11550 15833 11380 6586 9999 16020
15287 9812 11940 23509 20103 17306 25401 10249 13702 11697 16299 10971 14203 20289 16892 13248 13496 24748 20940 21743 6878 15700 4765 6002 21731 6528
12903 14126 12518 18262 18716 21009 26369 15372 12179 8558 26912 32593 16079 17269 19912 9724 16707 12564 13493 22474 9657 15757 11457 19886 4449 15864
10374 19943 6772 16945 22308 16151 24763 9461 19456 14889 7024 13775 16828 17458 18822 10800 13864 18877 14340 13101 21788 11201 15059 10278 917 10664
14849 18495 9743 14633 17466 15301 29553 16399 11992 15343 22553 10898 9659 25493 27648 11505 13538 21065 14248 25043 18083 12785 18752 8274 11071 1574
12867 16229 16367 12741 15018 16176 2562 13674 17589 15819 19890 23393 16289 18986 20701 15327 12395 4337 18340 22024 12351 13924 4094 18165 11142 18886
15048 12437 16475 15958 9571 13705 5756 17675 7445 17931 12610 13929 18678 19780 6233 14346 14322 21518 17378 3989 16665 16056 16764 7884 13392 7621
20294 18448 14863 18014 21459 17827 10959 12928 5776 11074 22250 13285 22140 16920 4546 11778 28149 5827 18334 18344 2890 19247 4968 13901 9693 21774
12350 17802 12988 19376 10797 15768 30156 13246 22021 17080 15780 6727 17496 15287 15260 15231 19222 14333 22653 24079 17733 13904 10693 13414 1974 15267
12697 13247 9824 16140 15439 16373 1208 15193 21942 19683 24262 13667 16056 20448 25568 18597 9330 10048 14912 16265 15382 17712 12161 17567 11401 15499
15072 22546 17450 6379 14795 16504 13654 10269 19009 20643 15648 3710 16619 17191 20385 7416 24812 17717 23346 18242 7188 14059 21984 18717 14320 11044
11078 4711 18059 15692 17972 14940 13206 9142 9051 25223 20513 17701 17615 23642 3488 12812 17785 19983 16175 15183 20123 18765 7184 23918 0 15673
11007 22741 17351 15177 11555 17634 26298 14487 21652 16617 9593 12909 14221 13768 16470 15121 23324 5466 16925 25028 13346 13693 17340 12526 4490 9712
13283 23701 14398 10203 6168 21542 20158 13886 14923 8665 17960 14334 17436 21075 14347 12491 15694 10904 15702 16482 18304 18797 4984 6783 6673 12654
14784 13659 17394 14148 13179 19464 23720 15143 9759 22095 12679 22031 11789 21234 13178 15500 24571 16459 20697 22763 7949 16888 17926 7134 22354 17394
10189 16342 13765 10341 10364 19380 15289 19771 11916 22027 18779 15846 12899 12172 2939 18391 15074 16893 16543 10891 12583 16710 17801 7109 10476 628
20298 13574 14741 14315 17900 18696 15739 7639 7794 22934 21900 15973 19458 12344 26246 17946 14491 15779 17561 18731 8934 15041 11925 10757 27012 12662
16038 29046 11983 13095 11723 17877 30369 13703 25808 14403 16548 14395 17308 20510 21701 16846 19228 27082 18773 14255 15615 14810 19465 12623 15362 7068
26439 28507 13972 20953 14309 15205 13691 17141 12921 14125 14089 19423 15626 19545 15824 11353 22676 14398 19183 23590 22670 18330 18016 10677 0 14702
15574 15168 19312 18788 10435 12301 14285 10707 31784 10052 17373 11470 16263 15887 15139 9415 11741 18590 17605 2718 12977 18575 16108 8738 7770 19120
18304 14248 12083 10979 21669 14223 19516 18250 25086 17448 18739 2884 17094 20002 10677 13472 21297 10402 12378 12522 4199 18180 3184 4515 10295 15162
13055 25273 13289 9625 23868 12966 19665 14658 25873 19922 20922 13788 14028 20268 14765 15757 24079 21202 16022 21143 13206 16964 4138 11106 23636 8379
10975 22433 17633 16905 26210 19485 34711 15381 27271 16350 14424 11133 14280 13261 16757 12407 9615 21064 10786 20754 23699 19958 17174 16329 13040 12145
7330 20093 15648 9921 10096 15344 26756 5270 23819 19190 12956 12047 18199 11234 21859 12410 20313 17552 13312 35653 12440 16961 6549 14123 11568 14771
18545 9236 8817 15539 18636 16526 11336 15479 18318 14939 11213 3820 11309 20354 6198 13491 22512 14428 15686 13717 10929 12935 11702 12354 15602 15409
13609 25857 23028 19162 8364 19312 18472 16181 18360 15766 19062 26200 13070 17546 14145 14236 12691 17048 13753 19800 20619 18397 18015 18647 0 14558
12954 21355 16302 12760 25955 18408 7026 11539 17288 26222 20792 14344 17865 14714 19210 16963 18086 12611 13976 27623 9452 17191 22203 7860 6114 7733
14705 15242 15458 18970 14459 15663 26218 10009 10854 24566 18625 7753 17586 11770 20261 11052 19201 19099 11692 20185 11879 15587 21389 15158 10565 22948
12872 10686 13402 15836 19952 15397 26809 22053 21799 23677 25087 13071 17988 17940 15154 12806 13574 22451 22317 11893 6016 13155 20417 24440 2415 8082
17652 13236 13238 21468 16670 20458 7657 18289 4749 19362 10797 7194 16145 23843 13457 20557 11557 20681 22258 7139 10457 13732 9603 7603 16845 5895
19979 23961 10791 20172 9843 15130 16341 15393 23552 21458 26601 10810 20848 14198 21358 13569 16294 31447 13590 12140 14573 9253 21298 0 21967 5667
13474 9845 13744 14422 15532 13311 14010 15855 5759 7260 21474 18324 16109 19896 17985 11153 26058 24862 14174 28480 18266 14752 12983 17574 10486 16695
15669 2799 20891 15571 7197 16437 15889 13605 29487 19954 18062 18704 16867 20743 17130 12583 21518 16651 16027 17661 14170 12966 22049 9410 26462 10915
12492 18295 20780 11481 25430 17783 15901 11793 2881 20680 17182 25392 18488 17614 14145 8808 17511 27058 18542 21629 10868 10984 13190 2039 8230 9450
16298 9769 17815 16817 16748 17295 35272 15153 17677 25653 16286 21349 14645 15205 1294 12962 11999 17558 17893 16001 12939 12348 24925 12199 6947 12506
17294 12853 12801 15413 20575 20794 22616 7578 18799 17558 18788 13348 19921 19783 20029 13861 24737 19741 18270 20006 11025 17682 19193 17990 6994 18838
14324 17933 16230 12228 15644 20012 28472 17245 20524 13779 19477 2586 14639 19812 18642 14361 15373 19776 15346 23146 8224 12756 6486 16650 21945 11379
15962 20027 15871 15329 14747 17491 16032 19763 20693 23834 12171 13402 13492 23858 29463 17457 24969 15614 15214 10326 16398 15073 28030 5788 18563 10242
5817 14291 11513 17066 13132 17335 22034 13704 13553 19816 14162 7707 20947 22110 22610 17779 22903 15747 23801 18250 19668 13484 12055 11053 15940 13072
10169 14229 18957 13402 17262 18984 4349 18355 15422 18372 11133 0 12784 19605 7322 15877 11683 14995 14762 8118 12870 18054 13177 12613 15348 16301
7775 22141 15541 10700 14040 18887 13740 2941 11006 28102 13817 27034 15982 15482 15989 9589 15078 2526 11837 15994 15487 14445 12484 5738 0 7362
14815 18925 12390 13392 12196 16726 12416 19428 24901 19653 8592 22563 22907 18890 27726 11427 18936 25780 21180 18898 13728 18243 15979 3036 13911 18770
19176 7756 15878 13210 23270 19540 27779 10265 13571 16029 16291 0 21233 19381 2670 16306 21564 13970 18649 18083 11129 11157 18319 13314 9896 7181
4799 21001 12714 9579 20861 18084 20830 16123 18122 22995 23470 21140 16978 20910 14811 9258 23736 19668 15947 18521 13238 12585 19063 11125 3181 9013
15725 13638 23962 16759 15768 18876 19927 17641 13291 20874 17304 11238 14926 16768 15601 16235 22756 2942 12222 17514 7287 12755 22426 10627 12105 9073
9592 12087 14582 18954 15860 11952 36938 19447 21076 15345 17656 11466 20588 18316 14819 15137 17717 27289 13802 20834 24397 14630 7288 16050 11040 7251
17282 16461 12277 12819 12570 8362 24584 13462 11439 18353 18121 23662 15458 22766 14926 14577 21824 23492 17713 20463 7556 12395 12737 14156 17554 8509
25224 23944 17483 3431 26537 18948 0 13378 27640 17652 12378 24029 17941 17359 17528 16551 19335 23636 12652 13155 17331 13929 17375 18687 4754 17859
12992 10353 14278 19295 12117 17721 12737 15193 8774 16560 6777 25992 15632 16642 25605 16276 24374 26421 17228 16731 15367 13495 8639 14581 24829 15686
21955 16583 11876 13699 19798 19218 20959 11234 0 17028 12225 2996 14061 10368 9493 15051 21127 8735 7515 13831 19206 14942 25858 4367 11569 1352
15575 12394 15627 14710 16722 19581 8722 13608 14941 18118 21067 14661 16845 22669 27273 11100 21051 16796 12479 24439 16946 15682 19399 21162 24073 9139
19672 16814 15296 13140 13828 14273 13570 11716 19195 36143 10841 21510 18784 17478 17515 9434 21629 18698 18245 10615 16663 16266 19405 22956 15326 10203
10258 17305 16527 19073 7929 19227 12719 16554 20577 25020 17343 15934 17788 11802 5504 11321 23345 19789 19459 16514 15731 17018 14326 16877 12020 13671
8296 2272 16062 13120 19698 19319 12120 14552 15635 13068 13553 26730 18018 22921 19365 13814 16571 8410 12060 10164 25213 14547 10856 10465 15461 19165
14007 9346 18752 11541 8132 17438 19079 13915 263 15975 8849 23149 13892 13357 13392 5650 16177 27964 14707 18491 15137 14880 9140 7051 7933 14517
9717 21488 19180 17430 19233 16599 24670 13734 16416 19117 16514 9227 19565 22096 19894 16075 18786 17850 22040 19888 13716 15816 23887 13485 16300 8655
6948 18297 13899 17954 21421 15835 33604 15006 3939 17784 22563 981 11240 11353 11789 18495 18404 18369 15236 13057 14330 13774 16084 12639 13661 3597
14509 4139 17178 16203 8468 18108 22047 13817 21496 19333 16918 10780 16219 20471 13194 15984 26599 22732 23157 18295 15619 11560 28801 7072 17309 11094
13461 14856 18116 9492 15756 16698 5022 11857 26121 16985 19392 12120 17044 19134 26021 12783 11854 16185 17681 5580 9699 19770 23769 14657 3129 16057
22255 17898 11630 11846 14735 18117 13314 11799 5663 18621 24689 20535 13652 19126 12025 15767 26934 24273 23969 13970 10382 15506 16261 13630 7458 12560
16800 10639 15170 13307 13870 14601 17739 13060 22725 17817 17860 11280 16404 14190 29349 12755 21318 21681 16578 14922 13401 14102 13106 18276 12882 12330
13959 14127 6319 13925 14218 14491 17837 22594 19018 17769 17901 2287 17576 19309 7890 14387 21987 31844 16739 18277 11410 15227 16832 6661 6293 9113
16107 18345 12625 12751 18762 22299 29370 9976 18816 29480 19657 10248 13780 17781 12840 16350 29468 7612 9442 5434 19387 14182 15945 7541 20189 15171
17431 19514 14604 19337 15582 11284 11184 9030 10087 17141 12476 22138 20157 17157 17626 14284 19066 28313 17558 34860 20849 15444 12733 9599 15298 8010
16712 25445 9561 12625 23629 18252 14418 10453 22565 9600 14088 23406 15657 15281 18716 15774 11887 20460 17903 14869 19571 14009 14891 8310 12721 11919
8908 22219 12003 15662 14454 16309 21847 12379 11073 18364 15265 15808 17267 18636 11916 16619 35439 8488 10041 16872 20427 12739 7757 0 0 13217
14018 19665 12826 17524 15511 11312 15583 13160 18867 16204 14028 28016 11739 20663 11970 12959 18624 16840 19874 12327 13297 13646 18443 11669 5465 8833
22635 23530 16312 10206 13460 17827 28218 11418 24466 31655 16612 19581 17267 18577 29238 12425 18964 32876 24463 24599 10248 13102 21305 19456 16256 17605
8954 14857 16850 22484 17073 17912 23561 4501 17745 14203 15088 24227 15491 17574 12928 16104 30501 24447 9845 11161 15222 16455 18638 18745 4102 9049
21580 25826 19373 24028 15477 19682 20327 15943 20300 12954 15112 11001 21700 14442 26602 12841 19938 22243 9821 24756 11763 13800 13026 9859 6008 8050
18456 13881 11943 12255 25920 19435 18373 9981 14798 16195 9578 23255 13390 12640 18021 12117 19782 18173 15624 23528 15039 11662 16560 11554 21974 18812
11741 25016 9112 17728 15961 16983 19739 18620 15691 22210 17301 18086 13929 18279 9845 10529 25195 13780 14591 15247 15257 20011 8381 18536 17936 16433
15376 14592 10658 15785 19624 20207 22896 18751 21317 20612 15324 21399 20261 22951 21803 7314 11547 18287 22543 22972 6121 16358 18467 8783 7856 9466
23219 15269 5622 17649 17477 16341 28574 11912 12952 21004 10109 12735 17240 22418 18350 10668 23898 21141 6676 22464 23913 11121 9129 5437 6741 15005
24725 24215 16010 16967 20823 18290 29314 18675 17772 11195 22217 12689 15626 26872 26352 9628 17616 26872 11762 8748 13800 15725 20157 15701 16085 5878
12299 13587 13050 10710 22622 13693 20852 14311 22909 7290 12952 4050 18908 19937 11878 17095 25386 18199 18618 16928 4169 15229 18340 11617 7299 6738
20555 17322 15345 15111 14445 21900 19565 14651 24551 30200 17746 16549 15408 12674 9966 14315 25257 2313 5589 21309 13826 17021 21089 16580 4715 5966
7710 15297 14366 17694 16749 21783 10542 21604 22104 22784 27409 11968 16306 13975 20142 9956 24692 17597 19292 17359 14730 8004 8260 1698 10601 7846
24870 14251 19662 19248 16224 16157 33283 12695 9749 15713 18285 2099 16082 14282 17467 17750 25394 19300 11757 14796 12395 17372 13743 17963 0 8230
14811 20803 10302 17065 25322 16857 17402 15690 15054 19683 15723 15623 13601 18547 12090 13363 25318 10160 12158 17835 8596 14346 18379 14705 19241 3685
16481 7451 13047 9881 19821 19784 30248 11961 22516 24577 17719 15543 18359 16427 27533 15983 21592 24899 17465 13455 19169 17084 26163 10701 3598 7802
13741 20327 19739 9211 11029 16893 13196 15522 29961 23892 24776 14986 17876 13685 10829 14017 24561 11860 18703 26050 10920 17272 33562 14187 10906 10391
14343 17715 9131 16726 19220 21550 9262 8489 24772 24896 17559 14436 18091 11783 1996 13295 26019 15795 14470 17610 3619 16719 13012 9855 7391 12933
16675 19360 17238 10636 3480 16492 21720 21042 9401 21703 18148 7265 10921 16076 21518 12335 15594 16043 11894 12045 12869 11441 12241 10752 15845 17177
11315 18152 13492 18708 13198 15679 9837 12615 7604 20430 19452 9405 16421 19585 15432 16062 28465 20123 13299 12940 19772 15761 16936 15030 6802 14932
9017 17589 18134 11287 12864 23568 23632 18364 5387 26363 13251 12341 13934 20598 15529 12625 14805 6404 14415 11015 17578 12024 27308 10416 8849 15363
13382 7998 9289 14701 15462 14725 18901 17208 12588 23905 12680 12618 16019 16859 16294 13583 25561 25654 14158 12226 19390 15982 22375 10608 20361 8554
13001 19704 14860 21804 17738 17020 14569 8823 12379 20124 20639 9654 12279 12911 14378 16576 13391 19940 22281 20816 11956 13756 17157 6616 7843 10476
10958 16847 15539 16350 11462 12058 19371 8206 16149 21230 13153 6260 16640 12734 20207 13237 13970 11202 10591 14919 16330 13767 19186 18258 10088 14207
13339 24286 18655 13908 33040 21388 8904 17906 15921 19361 19819 16568 17139 21841 16677 14729 17846 15223 14898 17897 13996 17499 17223 12228 14569 15168
21104 18943 15323 13407 13337 9854 16098 19540 12893 19468 16962 21414 13300 21078 13991 8589 29393 24170 17584 33016 13747 13205 27953 7108 11762 11307
23343 15206 13557 18689 16063 21237 19079 12989 12827 20039 12918 14687 13657 19805 13158 10561 15020 26071 22364 16180 11005 19471 10116 11195 20615 14013
25400 17967 16296 8228 24424 16530 8341 14062 19475 15050 20738 14355 13146 15648 20084 12666 26231 28009 23283 25638 8513 14417 23375 18893 6698 8583
11226 20165 19677 10144 19281 13871 10548 10056 16062 19006 21270 0 13912 18004 7179 8534 22368 20726 16257 17140 17183 13706 8257 11954 8234 6976
11407 16458 18769 17062 21491 12917 18561 16710 13025 25840 15117 33160 16288 21158 13707 10705 13189 19219 17963 20105 18897 9964 9732 8245 9861 8816
16434 16887 20766 15142 23554 17683 11976 10240 20888 21618 25475 8478 16963 15107 24111 14104 23632 14462 9042 12775 4155 12965 9394 11983 6384 6195
20401 25613 17738 22998 16258 14058 22089 18136 9557 22604 14338 12972 15841 18185 11859 12387 15447 9096 17899 27015 20550 13582 8836 2602 15176 11035
10369 14426 12012 22236 18995 11649 12602 13042 10894 22481 10882 26906 15203 17321 3160 14888 21008 29158 14650 17656 13468 18110 15801 19450 9222 9685
19855 15361 19924 13921 9798 12903 28810 17272 26047 6449 23279 11051 15367 22007 9620 10007 17953 34586 7258 25193 16369 18329 18805 12275 11740 16997
12588 27121 20500 17408 13273 11874 23087 12764 12127 14030 20136 7265 14592 20496 16657 12070 19170 14852 9722 25199 5294 17318 15015 17134 1844 8091
18682 15829 16140 18123 16590 15609 26531 9522 4144 22082 11539 11407 16428 19327 23949 17543 25200 14740 20601 17682 11764 15606 25279 14900 9364 8327
14517 12832 18233 17795 19646 19178 820 15676 19702 16615 17186 29529 18304 17981 13574 13296 21247 6021 12689 18158 20988 12676 21251 8035 845 12568
17564 5294 16300 3164 14336 12818 12801 8531 15639 24881 19207 23902 16591 13299 24178 14706 17255 8749 19279 14504 14285 14205 10521 9682 13386 9077
10881 21909 11174 13317 22127 16378 18016 10468 15366 17617 18062 3307 12856 20167 11229 13335 28464 8071 14071 6686 9820 11350 16159 19988 14777 8868
19796 13862 16663 16663 17444 19854 16895 8943 25213 13217 12256 14946 14911 19483 13201 16585 7155 2309 17236 15494 13260 15310 22347 8651 14573 9703
12793 15992 13877 11766 16812 18984 16588 935 15237 18342 16792 2380 13302 18420 22721 13084 14852 6251 23683 23456 15048 13670 10090 14364 15931 4637
9068 10320 17426 14393 15488 14847 17202 12797 23303 19849 14664 14016 21049 14848 18313 13421 21601 20391 14599 11972 0 16212 6710 12201 18861 15825
10990 21265 13056 13913 19517 17119 23242 13575 19344 21410 19169 11563 17163 17607 15714 15306 12735 22441 21611 30499 2714 18389 21473 11698 10567 6892
14283 13397 21743 18916 20463 18617 23293 12988 23347 17313 16841 13574 17250 17087 15599 15431 10330 28215 20479 15209 14403 15516 14404 12406 12773 7647
21789 13691 14437 11171 26602 17479 24470 9202 16313 22655 23820 2303 15166 13206 25388 16418 11428 17502 23081 26163 9192 13159 17096 13742 13226 7704
13910 7177 13412 11602 20156 16264 10826 16686 23242 16563 13008 18630 21675 11918 11095 11964 22053 14921 21559 17470 8589 19416 14274 0 18910 9396
11123 10177 13278 12927 25180 14926 18001 17941 22331 17887 23703 14323 13323 18797 17239 12959 26634 7850 1388 19044 21605 16916 17072 15752 16959 10444
16497 17636 15671 15741 13337 15548 22357 13755 11966 22355 12560 12715 15166 16435 13491 11128 26334 16104 17979 18627 23711 19688 13304 12910 11140 6968
7448 13261 13245 11908 21693 16730 15562 13037 14787 16669 19021 11041 16391 24452 12597 11040 12424 21057 10551 15967 10844 13073 27204 12002 28400 12797
15910 19753 18885 5151 17306 23321 20290 17172 13522 21321 10891 8458 13021 11463 19046 11744 26770 10938 18739 26188 9154 14309 24851 6734 15463 9552
15993 11992 13396 17421 22365 18105 24034 11803 28306 11721 24299 8870 16723 10611 16079 12355 32390 20420 18317 6127 10922 16914 13310 15648 11018 10761
10121 18046 16780 10057 12369 16713 20741 11274 15289 33042 14515 5311 17099 13193 13861 15089 9932 5557 16712 25367 16710 13260 19983 0 21911 9450
4469 17651 14774 16087 18618 18221 13185 14964 19873 24719 14994 14801 14653 15402 13264 14405 18097 12819 17993 22212 12203 17884 16825 6199 17587 11859
20425 26408 15265 16474 24742 17810 19958 15860 17288 18293 19760 16340 19322 20957 12111 9913 24170 16127 7161 20095 9268 14100 13338 8659 14756 14606
15979 13097 15704 14297 11794 12711 7324 16647 10336 20347 19233 21094 16441 18139 8582 15225 17731 7085 20227 11685 17408 19755 7637 21036 9989 10830
9662 15578 9564 21309 17982 17650 16830 11313 18611 3249 21872 16995 15558 22617 10961 13642 22651 2106 17331 15223 14030 16069 10388 14960 8444 8740
16377 3927 15459 12009 16044 20415 28312 15529 25911 18655 13703 12466 16436 21726 16641 16496 16027 11863 16097 18343 18853 16631 18023 14409 8515 8725
15544 18836 18423 11960 19754 14056 16550 13599 13387 18476 16696 10043 18526 21401 19497 9343 21377 15463 16660 20957 12935 15974 14385 0 18820 11513
14444 9694 17335 19984 22004 20804 29670 11247 25746 17197 15910 6068 13158 15269 8524 14566 21499 12271 23221 12896 20811 17215 0 8845 9237 14077
13831 19500 10290 17750 17965 15439 8084 8577 20642 9581 17462 16536 16115 14019 12604 15985 11647 11353 22623 23613 20463 14169 22672 3493 14978 18182
14410 21393 12932 17743 7838 16138 407 13739 16689 22795 22722 17462 16340 20999 7520 11259 24164 26992 14388 12318 16101 11776 15468 6420 5786 19187
16032 16201 16127 10165 28969 19095 23184 12033 19346 14000 14641 16616 20334 20626 2309 19946 20520 10639 21601 13875 11125 16745 16931 18696 24255 7464
15245 14934 17731 14064 13321 20578 25851 10809 11969 17813 17329 19714 15523 19191 20272 14942 17388 13804 16850 20609 17862 17132 18817 12640 18635 9381
19455 10377 17204 18635 9345 20225 13886 13157 11029 28529 14015 0 14280 17533 14912 13788 22573 15189 15079 19313 13054 11738 11187 18665 20214 1298
11514 15090 12080 12499 18516 14357 25860 15965 18545 15094 22743 24752 14901 20596 21035 15022 24462 18908 3423 21071 21146 16061 5139 16005 25753 14494
11548 14199 10850 18693 17004 21748 18653 4113 12960 20781 23289 18025 16951 14115 16560 13543 16563 15739 17884 23796 22392 12348 14730 19009 10021 10729
11480 20684 15080 17872 22608 15653 18627 15698 6050 19971 12144 11953 16586 23350 13033 8373 12498 31321 17294 15103 5412 16166 22145 4416 0 13587
14863 16508 12124 14320 17819 18953 20945 14755 0 24586 18588 20466 15845 17566 8490 17032 21736 17780 16204 10914 11193 9512 23822 14739 354 8293
17569 11585 12937 10813 14398 22691 9368 19286 21004 16078 21276 26799 17845 17931 9291 12546 26276 15734 15255 15437 15501 14981 23358 551 14672 17078
6159 10474 19786 18380 16231 11716 18944 15764 23911 20309 17757 20172 13115 19781 18237 11701 16777 6396 16015 11404 5204 11890 13002 4026 12267 14013
10142 15447 12839 7221 17093 18671 11751 14307 17226 14821 12988 7274 20817 18666 10532 17897 16320 17629 22595 37274 4989 15811 15414 9980 9379 11226
14234 13819 21384 22618 8186 13503 18107 16897 16148 20027 10089 17572 16794 13155 20068 14698 17759 22995 15388 21541 13985 15247 8219 9786 3090 5507
15079 17215 16064 15241 22785 19551 31636 14565 15767 23574 14556 15379 16326 18969 8942 11101 21436 22498 22228 25624 14583 15823 15826 10176 4258 17750
14684 21047 16487 15006 11124 19921 13361 14541 11455 12288 14413 23728 14992 17401 22159 15016 10224 19057 16893 17664 24194 14481 28059 2216 10829 12575
10713 11871 14873 10194 17233 15216 6520 16495 17547 17622 19279 12421 12335 14634 16175 8540 21722 13784 13829 24441 8825 14196 17160 25933 11857 5424
19835 17683 15544 18015 19812 16916 23911 10440 31160 11897 18937 16669 19812 15819 15682 5839 8319 22085 9189 7001 12184 18757 24036 6220 24891 15433
14820 19079 13545 12148 17155 15926 25634 20582 15160 17251 21953 5331 15149 21656 7495 13121 28046 26523 7636 24111 17966 15319 6697 22437 23414 15626
15656 7007 11518 18793 21991 13128 22382 19179 9023 17470 22106 18691 17891 22783 21597 11297 5967 18472 12873 23890 18834 15009 16525 16616 7546 14301
22252 13029 8035 11404 18302 14361 24128 13228 19082 17446 17612 17417 13889 25550 20236 8344 18029 29812 19982 15148 14912 15650 14537 5378 19972 1657
18678 22314 15822 19377 21699 12754 27445 18343 21922 17413 12231 2979 19790 17384 22485 15101 20252 5952 13246 19172 19917 16196 16534 0 14627 8513
22253 23962 11421 10097 20676 16753 14407 17128 10763 16514 16805 2245 16862 11275 8851 11826 16848 20596 17550 13977 21143 18991 21112 9413 1873 10001
18561 16317 19453 12655 14390 17910 16907 8473 15299 14380 13506 13165 13377 20623 17071 15308 20845 5675 16977 9999 3640 15509 18782 18651 0 14527
6577 10769 18523 6569 20106 11718 5375 14828 15538 16599 15492 18190 15680 11629 12087 8866 20797 11689 16322 19447 12389 16990 16708 16755 9177 7993
18232 18005 14579 15951 10366 17119 6135 18149 17457 17717 9311 13623 18774 19559 17827 14648 21695 18600 13866 20180 2146 20765 13742 9480 8017 12719
18212 20745 15234 13721 19131 18225 12916 7947 26402 18396 10895 18108 17009 13203 22480 15700 18900 1970 12796 15873 17976 20581 12053 15169 24408 11129
16214 23589 18775 7624 14791 19310 21148 6829 18133 11023 18951 18715 17568 24710 12120 14462 27025 6799 19509 17007 21103 16742 19263 12952 20144 6630
10047 9656 15624 15864 16611 16974 16997 12935 11884 27143 16024 15750 15731 21989 13333 18851 18143 16945 19106 9246 16136 12053 15692 11706 8226 20523
19961 12412 9003 20158 17494 16942 10864 16651 16571 23518 16087 14654 13397 16043 12140 17009 20684 26277 12093 3918 12955 18798 20488 13266 12070 15774
6651 22836 16061 12236 6913 16282 34805 14598 15062 21581 19517 3177 17489 16500 12068 15852 12344 19787 15479 16319 17285 14063 31067 9265 9204 15580
12200 15951 11758 16457 16115 14483 31439 9957 18339 21720 11432 5574 15334 22712 13738 8782 23017 19330 14576 17780 20472 13626 14767 22718 6832 11751
12086 24003 13041 16048 4055 20633 16016 17097 10710 13608 14629 0 22262 20620 6624 7601 12657 27500 5496 26058 25520 14967 23665 16278 5770 6790
7631 14835 12093 19277 13486 18525 26325 12053 27316 13976 14420 1498 17228 25432 9938 16629 26878 28049 16103 10306 4766 16136 8555 17463 8501 10693
16759 9264 9528 10060 19528 20036 18734 12458 13346 7571 2661 16763 15516 21478 3823 13433 19072 20442 20379 10486 11806 14625 10948 18348 3493 4320
9985 16596 13623 17104 14925 17877 12852 13429 8832 21794 19113 6070 12108 16470 12786 11774 26654 15893 19659 12803 21281 15318 21776 24004 5529 19028
16621 22934 14229 15811 17555 13445 21379 14075 31050 20018 13448 4585 18844 18366 17703 11709 23236 22873 16011 19665 17013 11762 24726 17291 12361 10896
17197 13616 14526 15964 10999 15216 13016 10823 15803 19042 14605 3471 14681 18767 8480 8939 21217 8391 10272 5880 12755 16685 18349 10242 0 16616
11329 16043 14207 8929 21503 18958 15492 19169 9010 17737 14714 15037 14857 12930 6954 10500 17359 13501 23252 21524 9448 14110 11783 5156 16412 7838
11478 18457 21161 21570 14044 17189 17924 20585 7583 22990 16725 19442 12706 19013 11894 10279 16553 20668 7293 22194 13639 16010 18948 1978 10707 13924
10412 16743 14697 13486 17755 17221 17278 12632 23918 23808 19763 0 19689 19905 5559 12734 21595 12325 17461 30831 11 15167 7066 3785 18426 1817
18055 20558 18022 6689 10731 20332 20443 8944 681 21314 17356 18457 13860 15907 10518 13833 7754 26577 14761 10395 13139 18157 24581 22037 4719 14154
15243 13118 19533 15699 19858 19913 22493 13029 10030 18317 9297 27421 16216 20067 3449 11239 27900 14353 11874 17000 26933 13683 16189 10432 4900 9350
16748 19195 15480 20976 11844 22747 15990 17761 18887 10871 17522 6906 16829 18654 13958 12392 19383 30219 15106 25253 12707 16456 22996 8512 2417 4228
20508 21479 16495 1288 13346 13524 20984 14194 19321 26131 16786 18187 17651 20963 15907 18798 14499 25695 14912 24019 7201 16518 18498 19724 16543 16216
11868 16440 14590 10244 16324 9642 22740 17174 30668 13046 16893 29192 16000 25465 29334 10654 30722 24529 12561 18743 10688 17020 8408 14331 23013 12518
19741 17636 17376 16401 24604 17537 17622 13452 11085 15650 20048 27965 16831 21993 17835 15018 18239 12964 11329 23057 27308 16852 20980 5741 20279 11344
22476 8756 20685 16010 15472 20732 15777 13937 25626 13670 8180 18212 15606 24835 16201 10240 12396 6778 18588 11190 19944 14251 17420 8979 7798 1635
10342 16918 16651 20003 16537 22074 15147 15870 15249 19421 18188 9607 15741 18968 16754 14024 16392 14684 28640 26858 18617 16606 20194 8017 17728 12224
17500 9159 13869 13474 15838 19049 17157 16070 30721 20478 28118 7916 17116 16725 19740 18280 14478 19288 8780 21241 13016 17396 15156 1342 16766 7850
9878 17005 9051 17356 3519 11859 27689 16794 8972 19593 16734 1695 15258 18146 29281 19463 26793 25203 14061 21922 16734 18825 24476 17025 9079 10248
7996 27449 15503 16998 15912 15430 10585 14573 19217 19427 14155 7490 15273 20210 23643 13717 8400 2739 18733 15663 14411 12840 12918 18915 12340 14867
14501 18079 19521 12639 15247 15555 20218 18133 22333 20639 17765 23972 16442 24277 11452 11510 16076 33630 15735 21800 21307 16498 14763 16290 1801 11575
7980 20983 15182 8852 18917 16347 15201 13339 13506 12341 22929 17684 21048 21351 25165 14489 16835 7315 18214 24515 17893 16266 8412 12736 14964 9742
19568 20533 14531 18173 17467 19435 14113 14319 25433 17488 23443 4321 13206 10271 9239 10434 16671 12130 16560 23368 8331 16937 6981 7722 12994 11114
11798 23492 20507 9738 7747 20530 10038 18780 19245 22433 12877 8836 15108 16889 18468 13064 10976 13441 21020 24743 14760 15864 6814 10599 18058 8347
11459 10244 15311 13982 18305 18932 22870 12567 22348 23181 15391 4119 17329 20166 16763 14173 9965 26615 19577 28222 24194 13525 6064 14733 4976 8712
9327 13174 9158 15511 16167 19850 21917 16485 18709 14636 18851 11274 17463 19469 7978 14118 28693 11733 19001 19410 1950 18430 2678 10607 0 9701
11579 12773 12044 14996 10976 16711 27273 20820 16672 23211 22149 8756 18146 19545 13288 20627 32089 8828 13805 25868 11967 16172 11232 1720 23201 12678
21398 24576 15285 15580 10917 23130 21584 13956 29809 19465 9343 7508 17495 11566 15642 4603 18796 22509 17304 19322 23835 14493 7119 14781 3817 12298
10715 19226 20367 18026 13173 20470 11186 7494 14975 19804 17471 21050 11982 15767 6378 14058 22790 13835 15466 26325 9786 14906 29170 17827 5571 12485
14259 18255 16460 18211 19158 11750 32182 9652 18465 16248 7659 26738 15625 20081 6671 13595 23950 21806 14355 18996 7570 13752 11339 17635 10470 14742
14253 19318 15487 17250 14884 14685 18410 18517 9513 22029 23366 4047 18338 27412 10862 14099 15219 6458 12456 15854 19578 13657 8812 11402 18924 12958
12916 17801 16338 14116 11885 9744 25135 4904 33364 24086 13781 20150 17202 17183 19558 9887 16339 11609 15351 21929 14196 11835 5869 397 17643 8311
14809 7829 15180 11151 24507 14898 11042 8161 20707 21755 20600 15987 14691 16910 16184 12287 23314 5944 22555 6529 13823 17616 9646 15074 11503 17976
21168 14370 15829 8573 14706 18023 20614 9535 14510 14453 14529 3080 16259 17805 17628 13720 21958 21566 6584 12809 9184 12236 13555 10378 5630 18790
10065 19618 15916 13338 23943 14003 24150 6878 6516 19815 13583 13658 14026 14162 22555 15303 8227 15258 12421 9564 18438 14219 9098 667 23721 9293
18169 10554 12489 17565 17344 15942 23431 14058 32209 15496 10859 14494 19038 18076 14207 16787 28637 24184 10896 12758 20309 17968 22481 12513 24813 15025
19798 11705 15951 18336 22095 20993 26751 13551 20938 17477 12054 12626 14861 17589 12353 12360 29085 12785 14477 21498 18842 16729 23280 0 20857 21163
14759 9354 15884 10772 14496 18778 19521 15562 22504 12429 19801 6659 19408 11146 25389 10009 8742 16230 14734 23813 5943 17993 15109 7488 14977 10440
12312 21152 13962 15427 21686 14820 2271 15495 18135 16070 17120 4372 23016 17553 10014 10740 20120 11508 1267 11142 12583 13837 21145 16055 14969 7798
5029 13511 21287 12807 10832 19193 13800 15821 21847 29242 15860 0 17456 19139 26925 4076 10079 20674 10634 18991 21744 10438 15575 6757 9871 7082
11498 25388 11635 18886 16292 12663 15164 16179 5173 13886 20132 8239 16345 12222 21101 11027 18621 27533 13503 35413 11448 14880 0 3578 8013 13955
15090 11583 16341 12440 15146 26444 20926 17410 6746 1842 16877 31930 18500 17148 10343 12899 14405 13729 14798 15771 11965 18702 18175 735 0 17046
18145 8553 10217 24575 21735 22263 18244 18035 32491 18173 17310 8472 14449 19790 19325 11577 17179 18779 17041 14960 20944 20026 26176 6517 14155 11118
19182 11511 12138 14442 9816 16462 20812 12820 9818 20726 10865 23474 13424 18199 22504 13527 27846 14150 14507 21943 18124 14222 10639 9879 0 3907
13478 8114 17168 19153 9924 10768 7805 16654 7491 24819 16291 13638 16120 14056 24407 10978 7252 15038 13480 18979 4841 20416 8838 28871 13040 10551
6949 13549 15026 10539 22409 20990 8577 16987 12620 14333 15128 17916 13318 21461 10494 21522 21428 18304 17813 11377 16076 14896 12181 20158 8739 17594
1823 19738 16317 10770 21118 19797 26861 11641 21243 24476 9590 18582 19410 16727 20420 10929 9725 28551 18551 17855 11113 16578 14817 3619 4396 7058
17463 16944 12381 21548 15193 15807 26101 12052 15808 7413 16203 23890 23260 17991 22432 12405 21017 28322 13274 18788 6736 11458 17696 10316 9463 14896
22010 17627 17160 9208 15252 14501 24477 7551 24621 25581 21628 20327 16897 20109 15145 12390 16014 15984 18054 13145 17165 12969 18387 7151 0 8138
9376 10437 15572 17740 18865 17886 22893 14150 13613 19173 21758 6353 12565 7776 16399 11288 19138 18672 15452 28097 11159 12124 13173 14846 0 20818
11348 8787 16430 7015 16071 16391 25500 17585 25007 20999 19208 27640 14730 21510 11687 14660 25220 13150 22035 10553 7023 12546 9645 0 16547 11088
19583 14355 13643 21589 14829 17792 17204 8482 13354 19326 12121 12012 16207 14658 7625 12713 16183 12307 18756 12490 19206 16110 14568 11947 15608 10097
19603 15608 13930 7745 13113 17569 9704 12681 12937 15983 16311 14341 14491 17259 22901 12342 19909 8597 20152 10075 15769 17682 23188 7085 10925 13878
4264 21665 17562 17557 23304 12242 19255 19354 10610 10531 15304 3092 15624 14190 23565 14483 19239 20590 16542 13491 10761 15286 20355 2370 13162 9494
14286 12875 16067 12044 14973 16783 16468 14706 25270 25642 18355 6025 19035 14064 11127 14622 15456 21319 8876 17758 10642 15694 21878 1917 1849 4791
29711 10440 17327 18833 12252 21061 18176 9942 16500 28987 18676 21828 14528 20262 10342 14111 11622 0 19713 16481 11241 12479 17120 8383 7260 14991
19724 15098 13089 16311 3140 18518 11874 9161 13769 21376 18234 14392 16515 21277 23549 16189 23965 21742 14431 21022 14243 16024 17658 15737 5591 15059
15600 10101 17500 11946 16149 21360 21245 13916 17654 15972 20917 25398 15095 13657 9596 16060 10136 9122 11693 18575 7851 14024 24812 8766 0 12214
17436 12844 16657 3100 13309 21505 24655 9658 32208 24644 13575 0 20396 23694 18384 15418 24960 16209 20704 27251 10606 13251 20246 2193 5405 19657
7759 10890 11764 13983 10536 15162 15562 14143 18338 18053 16026 29238 15768 19041 19345 14156 18372 21542 15898 16799 13722 16260 27330 10979 16507 10554
10481 21807 13576 8804 11511 10822 27068 17447 16460 14040 22744 14500 20743 16885 15500 13531 21321 17043 13490 11931 4070 11409 15538 3060 15149 14797
13320 7514 15344 14585 20881 18744 17814 11334 12010 19330 17065 407 17689 19668 9873 23657 21401 14667 10012 20495 18052 14500 18253 10220 22016 6500
16989 12200 17568 15220 9578 15967 20677 12769 19759 16701 17495 0 13482 17889 26483 17544 21000 19885 11075 26105 9804 12357 17505 10206 22671 13186
5183 11723 6852 7940 19366 16595 28407 11160 13117 22498 17536 22365 16858 17637 23252 14852 21300 17229 19160 14962 21434 18614 3525 11702 6865 8214
17812 19529 15906 20008 16803 18240 20936 13133 30061 12968 11384 29827 15106 11204 16401 18664 22603 16845 21294 29015 23111 14517 12542 2381 12915 13429
9478 10442 13458 12654 21393 17933 24528 10385 10327 18515 16599 18431 16720 19160 20510 13889 27468 8271 15575 14973 17993 17680 9990 10560 12025 16097
4872 12681 19741 12799 15617 14101 21889 8712 16318 18869 7749 26368 17986 16609 15317 14024 17289 19682 11691 28548 18438 10810 24960 14531 12782 4614
20610 16506 18819 14596 17527 17726 23373 8373 29755 15240 22065 17379 12678 21872 21405 10986 10731 12794 11884 16485 0 14699 10382 11006 4284 9831
2402 14769 15213 22130 16260 18503 13775 16045 9528 14095 10665 12218 20216 23237 8885 12751 16427 25024 20453 18505 13969 13973 17319 0 10143 12133
16890 13163 9757 10848 20898 20423 14591 18214 25601 26952 15226 1460 19959 22253 17147 12556 20407 616 21455 20271 11543 12455 9005 12919 8859 12305
14838 14505 9176 12528 20487 17985 16321 14325 13589 14779 15481 27994 17377 24672 18808 14845 18821 27284 16709 10846 9040 21579 23937 1304 8063 11180
11305 19407 9718 19404 23456 17077 11035 14785 9769 21542 18135 10247 15605 15578 11655 11299 16122 25585 16328 21136 7468 14536 10048 13820 25791 16051
14238 16894 14132 15606 11564 28282 25563 6749 18714 14633 21950 19234 18358 18905 15096 11525 18141 9957 19849 9550 15819 16160 12247 15098 10853 7530
8071 24263 18750 19701 24417 15222 16697 17115 4822 16427 19529 10857 15049 19515 13929 11056 9411 13874 20320 10896 13329 15223 12399 9393 16248 9296
11625 16497 14340 19220 15690 19732 28379 16372 26331 20095 12754 4789 20096 13911 18229 12742 26622 8104 10081 19011 13335 13781 22117 19388 7407 12025
17096 20405 13480 13158 10412 12176 13501 16445 14245 25174 12444 13401 13760 9509 14271 13210 19117 21006 13482 17566 11974 14504 16934 8640 19011 6492
6482 18002 15947 10204 15803 14948 22730 11226 17430 20137 19835 20978 17243 25895 6081 14565 6107 20489 10217 16426 15978 16556 21432 7414 15812 14932
18211 20366 13967 9849 9667 12430 5600 15191 13713 12875 18266 11547 16433 19352 15565 13968 12723 3752 16266 17462 13883 17497 6814 11330 15509 8346
18990 10235 12873 10229 24589 12445 21873 14062 17292 16447 17304 18629 19257 13986 16533 13514 32271 26640 10142 21554 9936 20333 14449 9182 9192 11200
9617 9899 11148 13985 17273 16371 14971 11924 13843 16018 15962 20255 18807 19176 2176 9774 27633 24801 14760 18370 27188 14362 22614 9871 8548 9877
24779 9596 9434 15908 12747 12137 16602 9836 10627 22312 13915 7162 14872 18557 13331 10937 4597 13825 23108 10520 11862 14278 11622 12194 14499 9007
14490 14373 18395 22172 15541 19432 5324 12378 29743 28871 18471 14107 17768 16207 11928 12672 21637 18957 9695 16763 18779 16775 9925 16964 10955 11551
14603 21439 18617 17523 19324 16990 25477 14727 17025 23350 14432 21803 17298 14320 17045 17100 16216 24522 21355 16360 0 15653 9321 13506 20261 13244
7354 24980 19343 8880 12524 16701 21652 10924 20047 20084 16343 14481 15448 27712 7713 11855 21093 24554 19600 21337 9291 14377 14177 12451 12932 10322
15640 15148 17142 16159 11574 19379 25099 13273 9066 14923 24282 26695 18599 18670 5283 14891 24113 23465 12720 17425 12990 17794 16225 13558 13546 15873
18703 10383 14717 17575 16465 19035 23452 20388 19549 26571 10745 10264 17531 23739 20805 14871 16379 20678 10791 23167 11740 12613 9446 8664 18067 15665
22653 26787 16808 8960 23253 18084 25361 14688 15188 24602 17300 17909 15733 23133 15626 13298 15878 21590 22103 16590 18324 12864 8725 16654 1013 9011
22851 21375 15671 12748 15884 12379 7790 13778 10802 13996 19578 15633 14333 20015 17724 12020 24151 27567 14577 15874 18179 16710 14148 1927 16832 9614
17773 15145 13576 16522 18620 17960 33081 17893 18980 10749 18129 13656 14976 19170 12876 13497 13734 10782 15763 15874 17463 17580 21174 10141 0 5984
21594 10520 12093 20492 13932 19983 22420 12970 13639 22092 22079 15256 18843 21864 14148 11211 16739 22325 15409 19035 14329 16310 17947 22586 11771 10637
18501 10591 15763 23723 12206 16779 16600 11967 27140 19690 16967 1002 18274 17502 18904 10379 18994 17223 13642 21034 1842 16561 22677 11287 14534 6470
16950 21635 14617 19080 13195 21324 16392 6961 21577 15292 9078 9232 15885 20947 17442 15401 11928 18340 12334 15207 11386 16615 24118 7812 0 12264
26415 15383 13481 6035 15666 21476 23705 13822 24793 15861 19969 13548 19480 16259 23425 10806 11533 20298 15562 27643 13868 13000 19655 13095 12631 14226
20287 13454 16816 18938 5996 19502 11891 11704 4187 19522 19224 17450 15368 18687 13922 10627 24571 12492 15918 31255 10463 13548 28618 11971 9842 10071
23304 16444 13977 19041 6423 11071 23674 9935 26034 13000 18058 25942 14203 19130 17285 13951 15335 8778 15531 27685 26578 17729 14022 19988 15575 2272
15574 20103 16569 11621 15544 13316 25521 14961 22205 25906 19540 12945 16061 17758 14567 17748 38386 25758 13474 21664 13955 14135 5342 14371 8373 14543
12064 19589 12891 14065 12405 22816 8928 5962 28729 22973 19164 19483 15394 22676 15218 13446 13916 17300 23108 19366 25544 14243 17761 4423 6445 11441
6378 11839 18347 18610 20497 17720 6757 7223 18195 11119 17358 6987 12710 26135 20412 10886 23969 17878 13632 21841 16792 15189 13385 14227 7961 3905
14903 15204 7889 17802 11703 14777 19183 16388 16804 11380 9441 13838 15949 19038 12598 15059 7533 16806 16494 18438 7980 16577 11443 21282 18767 10388
