10 5
3 5
8 9
5 8
2 9
6 6

1000 4
1 400
301 301
400 400
302 398

300 300
58 221 19 23 54 128 248 288 42 113 29 223 99 290 239 276 58 232 171 177 78 179 114 119 47 292 95 223 59 292 171 213 30 73 2 73 52 263 63 235 68 204 10 37 131 137 9 80 84 172 51 227 133 222 134 243 32 288 38 210 178 211 96 190 38 177 145 180 60 98 2 64 25 286 127 211 143 278 66 277 95 251 131 232 23 52 116 180 20 217 167 253 14 129 269 291 91 268 18 97 33 186 87 192 71 218 57 271 21 221 99 142 2 106 118 217 144 153 40 108 50 113 91 170 146 285 121 134 38 221 194 198 233 279 27 196 53 237 92 275 42 165 27 286 43 133 226 260 101 160 162 297 91 181 56 203 101 243 77 140 70 107 207 283 33 133 112 283 101 247 3 209 278 292 25 97 26 50 19 53 75 139 131 173 105 229 112 170 193 287 93 250 36 64 11 265 21 234 226 246 7 210 143 156 84 283 59 189 14 59 148 173 108 297 5 285 68 72 177 243 81 209 70 219 29 168 22 154 19 233 2 100 238 287 101 133 93 165 201 255 94 174 142 277 96 176 58 214 31 45 165 229 257 285 37 51 93 142 64 252 46 172 49 85 4 21 187 287 195 220 10 167 153 295 220 246 58 74 91 234 17 59 61 147 189 215 80 94 127 297 86 124 134 297 14 102 11 205 151 199 185 197 39 56 156 174 188 223 290 296 102 252 36 39 177 284 135 191 215 274 40 44 15 262 86 281 7 227 175 213 41 193 46 178 89 228 130 260 203 222 177 183 162 291 130 183 60 110 166 202 153 248 184 247 236 272 121 168 140 284 74 191 70 274 104 233 133 267 261 292 96 256 10 281 95 204 167 268 19 34 127 297 32 81 91 106 119 219 126 152 72 250 45 291 95 245 63 175 191 278 93 160 59 66 162 293 54 285 21 292 26 249 73 117 217 283 54 181 68 262 102 121 227 281 36 237 143 152 139 231 215 285 183 299 51 284 60 80 84 209 78 110 64 278 213 243 174 216 136 236 242 249 10 89 260 299 228 229 6 123 2 35 3 176 103 128 28 252 205 281 123 241 33 51 271 290 91 261 12 36 83 103 175 243 281 296 207 246 88 227 113 195 102 138 32 284 139 207 32 106 177 186 20 266 43 286 253 295 191 207 33 183 159 213 97 285 65 236 192 281 187 198 155 245 101 283 49 53 97 143 48 164 13 66 50 110 126 181 244 276 14 27 55 257 115 283 91 99 39 75 104 252 21 108 16 131 182 224 279 287 80 127 49 209 22 219 183 300 112 162 3 136 87 144 139 293 11 95 190 297 146 190 60 164 113 242 202 216 207 298 89 292 281 294 84 252 209 281 106 273