30
0 1 U -1
1 1 U 0
2 0 U 1
3 0 U 2
4 0 U 3
5 1 U 4
6 0 U 5
7 1 U 6
8 1 U 7
9 0 U 8
10 0 U 9
11 1 U 10
12 1 U 11
13 1 U 12
14 0 U 13
15 0 U 14
16 1 U 15
17 1 U 16
18 0 U 17
19 0 U 18
20 1 U 19
21 0 U 20
22 0 U 21
23 0 U 22
24 1 U 23
25 1 U 24
26 1 U 25
27 0 U 26
28 1 U 27
29 1 U 28
30
0 1 U -1
1 1 U 0
2 0 U 1
3 0 U 2
4 0 U 3
5 1 U 4
6 0 U 5
7 1 U 6
8 1 U 7
9 0 U 8
10 0 U 9
11 1 U 10
12 1 U 11
13 1 U 12
14 0 U 13
15 0 U 14
16 1 U 15
17 1 U 16
18 0 U 17
19 0 U 18
20 1 U 19
21 0 U 20
22 0 U 21
23 0 U 22
24 1 U 23
25 1 U 24
26 1 U 25
27 0 U 26
28 1 U 27
29 1 U 28
30
0 1 U -1
1 1 U 0
2 0 U 1
3 0 U 1
4 0 U 3
5 1 U 4
6 0 U 5
7 1 U 6
8 1 U 7
9 0 U 8
10 0 U 9
11 1 U 10
12 1 U 11
13 1 U 12
14 0 U 12
15 0 U 13
16 1 U 15
17 1 U 16
18 0 U 17
19 0 U 18
20 1 U 19
21 0 U 20
22 0 U 21
23 0 U 22
24 1 U 23
25 1 U 24
26 1 U 25
27 0 U 26
28 1 U 27
29 1 U 28
30
0 1 U -1
1 1 U 0
2 0 U 1
3 0 U 1
4 0 U 3
5 1 U 4
6 0 U 5
7 1 U 6
8 1 U 7
9 0 U 8
10 0 U 9
11 1 U 10
12 1 U 11
13 1 U 12
14 0 U 12
15 0 U 13
16 1 U 15
17 1 U 16
18 0 U 17
19 0 U 18
20 1 U 19
21 0 U 20
22 0 U 21
23 0 U 22
24 1 U 23
25 1 U 24
26 1 U 25
27 0 U 26
28 1 U 27
29 1 U 28
30
0 1 U -1
1 1 U 0
2 0 U 1
3 0 U 1
4 0 U 3
5 1 U 4
6 0 U 5
7 1 U 6
8 1 U 7
9 0 U 8
10 0 U 9
11 1 U 10
12 1 U 11
13 1 U 12
14 0 U 12
15 0 U 13
16 1 U 15
17 1 U 16
18 0 U 17
19 0 U 18
20 1 U 19
21 0 U 20
22 0 U 21
23 0 U 21
24 1 U 22
25 1 U 22
26 1 U 25
27 0 U 25
28 1 U 27
29 1 U 28
30
0 1 U -1
1 1 U 0
2 0 U 0
3 0 U 1
4 0 U 3
5 1 U 4
6 0 U 5
7 1 U 5
8 1 U 7
9 0 U 8
10 0 U 9
11 1 U 9
12 1 U 10
13 1 U 12
14 0 U 12
15 0 U 13
16 1 U 15
17 1 U 16
18 0 U 17
19 0 U 17
20 1 U 18
21 0 U 20
22 0 U 20
23 0 U 22
24 1 U 22
25 1 U 24
26 1 U 24
27 0 U 25
28 1 U 25
29 1 U 27
30
0 1 U -1
1 1 U 0
2 0 U 0
3 0 U 1
4 0 U 3
5 1 U 3
6 0 U 5
7 1 U 5
8 1 U 7
9 0 U 7
10 0 U 9
11 1 U 9
12 1 U 10
13 0 U 10
14 0 U 12
15 0 U 12
16 1 U 15
17 1 U 15
18 0 U 17
19 0 U 17
20 1 U 18
21 0 U 18
22 0 U 20
23 0 U 20
24 1 U 22
25 1 U 22
26 1 U 25
27 0 U 25
28 1 U 27
29 1 U 27
30
0 1 U -1
1 0 U -1
2 0 U 0
3 0 U 0
4 0 U 3
5 1 U 3
6 0 U 5
7 1 U 5
8 1 U 7
9 0 U 7
10 0 U 9
11 1 U 9
12 1 U 10
13 0 U 10
14 0 U 12
15 0 U 12
16 1 U 15
17 1 U 15
18 0 U 17
19 0 U 17
20 1 U 18
21 0 U 18
22 0 U 20
23 0 U 20
24 1 U 22
25 1 U 22
26 1 U 25
27 0 U 25
28 1 U 27
29 1 U 27
30
0 1 U -1
1 0 U -1
2 0 U 0
3 0 U 0
4 0 U 3
5 1 U 3
6 0 U 5
7 1 U 5
8 1 U 7
9 0 U 7
10 0 U 9
11 1 U 9
12 1 U 10
13 0 U 10
14 0 U 12
15 0 U 12
16 1 U 15
17 1 U 15
18 0 U 17
19 0 U 17
20 1 U 18
21 0 U 18
22 0 U 20
23 0 U 20
24 1 U 22
25 1 U 22
26 1 U 25
27 0 U 25
28 1 U 27
29 1 U 27
30
0 1 U -1
1 0 U -1
2 0 U 0
3 0 U 0
4 0 U 3
5 1 U 3
6 0 U 5
7 1 U 5
8 1 U 7
9 0 U 7
10 0 U 9
11 1 U 9
12 1 U 10
13 0 U 10
14 0 U 12
15 0 U 12
16 1 U 15
17 1 U 15
18 0 U 17
19 0 U 17
20 1 U 18
21 0 U 18
22 0 U 20
23 0 U 20
24 1 U 20
25 1 U 24
26 1 U 24
27 0 U 25
28 1 U 25
29 1 U 27
30
0 1 U -1
1 0 U -1
2 0 U 0
3 0 U 0
4 0 U 3
5 1 U 3
6 0 U 5
7 1 U 5
8 1 U 7
9 0 U 7
10 0 U 9
11 1 U 9
12 1 U 10
13 0 U 10
14 0 U 10
15 0 U 12
16 1 U 12
17 1 U 15
18 0 U 15
19 0 U 18
20 1 U 18
21 0 U 20
22 0 U 20
23 0 U 20
24 1 U 22
25 1 U 22
26 1 U 22
27 0 U 25
28 1 U 25
29 1 U 27
30
0 1 U -1
1 0 U -1
2 0 U 0
3 0 U 0
4 0 U 0
5 1 U 4
6 0 U 4
7 1 U 5
8 1 U 5
9 0 U 7
10 0 U 7
11 1 U 9
12 1 U 9
13 1 U 12
14 0 U 12
15 0 U 12
16 1 U 15
17 1 U 15
18 0 U 17
19 0 U 17
20 1 U 18
21 0 U 18
22 0 U 20
23 0 U 20
24 1 U 20
25 1 U 24
26 1 U 24
27 0 U 24
28 1 U 27
29 1 U 27
30
0 1 U -1
1 0 U -1
2 0 U -1
3 0 U 0
4 0 U 0
5 1 U 4
6 0 U 4
7 1 U 4
8 1 U 5
9 0 U 5
10 0 U 9
11 1 U 9
12 1 U 9
13 1 U 12
14 0 U 12
15 0 U 12
16 1 U 15
17 1 U 15
18 0 U 17
19 0 U 17
20 1 U 18
21 0 U 18
22 0 U 18
23 0 U 20
24 1 U 20
25 1 U 20
26 1 U 25
27 0 U 25
28 1 U 25
29 1 U 27
30
0 1 U -1
1 0 U -1
2 0 U -1
3 0 U 0
4 0 U 0
5 1 U 4
6 0 U 4
7 1 U 4
8 1 U 5
9 0 U 5
10 0 U 9
11 1 U 9
12 1 U 9
13 1 U 12
14 0 U 12
15 0 U 12
16 1 U 15
17 1 U 15
18 0 U 17
19 0 U 17
20 1 U 17
21 0 U 18
22 0 U 18
23 0 U 18
24 1 U 22
25 1 U 22
26 1 U 22
27 0 U 25
28 1 U 25
29 0 U 25
30
0 1 U -1
1 0 U -1
2 0 U -1
3 0 U 0
4 0 U 0
5 1 U 4
6 0 U 4
7 1 U 4
8 1 U 5
9 0 U 5
10 0 U 5
11 1 U 9
12 1 U 9
13 0 U 9
14 0 U 12
15 0 U 12
16 1 U 12
17 1 U 15
18 0 U 15
19 0 U 15
20 1 U 18
21 0 U 18
22 0 U 18
23 0 U 20
24 1 U 20
25 1 U 20
26 1 U 25
27 0 U 25
28 1 U 25
29 1 U 27
30
0 1 U -1
1 0 U -1
2 0 U -1
3 0 U -1
4 0 U 0
5 1 U 0
6 0 U 0
7 1 U 5
8 1 U 5
9 0 U 5
10 0 U 9
11 1 U 9
12 1 U 9
13 1 U 12
14 0 U 12
15 0 U 12
16 1 U 12
17 1 U 15
18 0 U 15
19 0 U 15
20 1 U 18
21 0 U 18
22 0 U 18
23 0 U 20
24 1 U 20
25 1 U 20
26 1 U 20
27 0 U 25
28 1 U 25
29 0 U 25
30
0 1 U -1
1 0 U -1
2 0 U -1
3 0 U -1
4 0 U 0
5 1 U 0
6 0 U 0
7 1 U 5
8 1 U 5
9 0 U 5
10 0 U 9
11 1 U 9
12 1 U 9
13 1 U 12
14 0 U 12
15 0 U 12
16 1 U 12
17 1 U 15
18 0 U 15
19 0 U 15
20 1 U 18
21 0 U 18
22 0 U 18
23 0 U 20
24 1 U 20
25 1 U 20
26 1 U 20
27 0 U 25
28 1 U 25
29 0 U 25
30
0 1 U -1
1 0 U -1
2 0 U -1
3 0 U -1
4 0 U 0
5 1 U 0
6 0 U 0
7 1 U 5
8 1 U 5
9 0 U 5
10 0 U 9
11 1 U 9
12 1 U 9
13 1 U 12
14 0 U 12
15 0 U 12
16 1 U 12
17 1 U 15
18 0 U 15
19 0 U 15
20 1 U 18
21 0 U 18
22 0 U 18
23 0 U 20
24 1 U 20
25 1 U 20
26 1 U 20
27 0 U 25
28 1 U 25
29 0 U 25
30
0 1 U -1
1 0 U -1
2 0 U -1
3 0 U -1
4 0 U 0
5 1 U 0
6 0 U 0
7 1 U 5
8 1 U 5
9 0 U 5
10 0 U 9
11 1 U 9
12 1 U 9
13 1 U 12
14 0 U 12
15 0 U 12
16 1 U 12
17 1 U 15
18 0 U 15
19 0 U 15
20 1 U 18
21 0 U 18
22 0 U 18
23 0 U 18
24 1 U 20
25 1 U 20
26 1 U 20
27 0 U 20
28 1 U 27
29 1 U 27
30
0 1 U -1
1 0 U -1
2 0 U -1
3 0 U -1
4 0 U 0
5 1 U 0
6 0 U 0
7 1 U 5
8 1 U 5
9 0 U 5
10 0 U 9
11 1 U 9
12 1 U 9
13 0 U 9
14 0 U 12
15 0 U 12
16 1 U 12
17 1 U 12
18 0 U 17
19 0 U 17
20 1 U 17
21 0 U 18
22 0 U 18
23 0 U 18
24 1 U 18
25 1 U 24
26 1 U 24
27 0 U 24
28 1 U 24
29 1 U 27
30
0 1 U -1
1 0 U -1
2 0 U -1
3 0 U -1
4 0 U 0
5 1 U 0
6 0 U 0
7 1 U 0
8 1 U 5
9 0 U 5
10 0 U 5
11 1 U 5
12 1 U 9
13 0 U 9
14 0 U 9
15 0 U 9
16 1 U 15
17 1 U 15
18 0 U 15
19 0 U 18
20 1 U 18
21 0 U 18
22 0 U 18
23 0 U 20
24 1 U 20
25 1 U 20
26 1 U 20
27 0 U 25
28 1 U 25
29 0 U 25
30
0 1 U -1
1 0 U -1
2 0 U -1
3 0 U -1
4 0 U 0
5 1 U 0
6 0 U 0
7 1 U 0
8 1 U 5
9 0 U 5
10 0 U 5
11 1 U 5
12 1 U 9
13 0 U 9
14 0 U 9
15 0 U 9
16 1 U 15
17 1 U 15
18 0 U 15
19 0 U 15
20 1 U 18
21 0 U 18
22 0 U 18
23 0 U 18
24 1 U 20
25 1 U 20
26 1 U 20
27 0 U 20
28 1 U 27
29 1 U 27
30
0 1 U -1
1 0 U -1
2 0 U -1
3 0 U -1
4 0 U 0
5 1 U 0
6 0 U 0
7 1 U 0
8 1 U 5
9 0 U 5
10 0 U 5
11 1 U 5
12 1 U 9
13 0 U 9
14 0 U 9
15 0 U 9
16 1 U 9
17 1 U 15
18 0 U 15
19 0 U 15
20 1 U 15
21 0 U 18
22 0 U 18
23 0 U 18
24 1 U 18
25 1 U 18
26 1 U 25
27 0 U 25
28 1 U 25
29 0 U 25
30
0 1 U -1
1 0 U -1
2 0 U -1
3 0 U -1
4 0 U 0
5 1 U 0
6 0 U 0
7 1 U 0
8 1 U 5
9 0 U 5
10 0 U 5
11 1 U 5
12 1 U 9
13 0 U 9
14 0 U 9
15 0 U 9
16 1 U 9
17 1 U 15
18 0 U 15
19 0 U 15
20 1 U 15
21 0 U 18
22 0 U 18
23 0 U 18
24 1 U 18
25 1 U 18
26 1 U 25
27 0 U 25
28 1 U 25
29 0 U 25
30
0 1 U -1
1 0 U -1
2 0 U -1
3 0 U -1
4 0 U -1
5 1 U 0
6 0 U 0
7 1 U 0
8 1 U 0
9 0 U 5
10 0 U 5
11 1 U 5
12 1 U 5
13 1 U 9
14 0 U 9
15 0 U 9
16 1 U 9
17 1 U 9
18 0 U 17
19 0 U 17
20 1 U 17
21 0 U 17
22 0 U 18
23 0 U 18
24 1 U 18
25 1 U 18
26 1 U 18
27 0 U 25
28 1 U 25
29 0 U 25
30
0 1 U -1
1 0 U -1
2 0 U -1
3 0 U -1
4 0 U -1
5 1 U 0
6 0 U 0
7 1 U 0
8 1 U 0
9 0 U 5
10 0 U 5
11 1 U 5
12 1 U 5
13 1 U 9
14 0 U 9
15 0 U 9
16 1 U 9
17 1 U 9
18 0 U 17
19 0 U 17
20 1 U 17
21 0 U 17
22 0 U 18
23 0 U 18
24 1 U 18
25 1 U 18
26 1 U 18
27 0 U 25
28 1 U 25
29 0 U 25
30
0 1 U -1
1 0 U -1
2 0 U -1
3 0 U -1
4 0 U -1
5 1 U 0
6 0 U 0
7 1 U 0
8 1 U 0
9 0 U 5
10 0 U 5
11 1 U 5
12 1 U 5
13 1 U 9
14 0 U 9
15 0 U 9
16 1 U 9
17 1 U 9
18 0 U 17
19 0 U 17
20 1 U 17
21 0 U 17
22 0 U 17
23 0 U 18
24 1 U 18
25 1 U 18
26 1 U 18
27 0 U 18
28 1 U 27
29 1 U 27
30
0 1 U -1
1 0 U -1
2 0 U -1
3 0 U -1
4 0 U -1
5 1 U 0
6 0 U 0
7 1 U 0
8 1 U 0
9 0 U 0
10 0 U 9
11 1 U 9
12 1 U 9
13 0 U 9
14 0 U 9
15 0 U 12
16 1 U 12
17 1 U 12
18 0 U 12
19 0 U 18
20 1 U 18
21 0 U 18
22 0 U 18
23 0 U 18
24 1 U 20
25 1 U 20
26 1 U 20
27 0 U 20
28 1 U 20
29 1 U 27
30
0 1 U -1
1 0 U -1
2 0 U -1
3 0 U -1
4 0 U -1
5 1 U 0
6 0 U 0
7 1 U 0
8 1 U 0
9 0 U 0
10 0 U 9
11 1 U 9
12 1 U 9
13 0 U 9
14 0 U 9
15 0 U 9
16 1 U 15
17 1 U 15
18 0 U 15
19 0 U 15
20 1 U 18
21 0 U 18
22 0 U 18
23 0 U 18
24 0 U 18
25 1 U 18
26 1 U 25
27 0 U 25
28 1 U 25
29 0 U 25
30
0 1 U -1
1 0 U -1
2 0 U -1
3 0 U -1
4 0 U -1
5 1 U 0
6 0 U 0
7 1 U 0
8 1 U 0
9 0 U 0
10 0 U 9
11 1 U 9
12 1 U 9
13 0 U 9
14 0 U 9
15 0 U 9
16 1 U 15
17 1 U 15
18 0 U 15
19 0 U 15
20 1 U 15
21 0 U 18
22 0 U 18
23 0 U 18
24 1 U 18
25 1 U 18
26 1 U 18
27 0 U 25
28 1 U 25
29 0 U 25
30
0 1 U -1
1 0 U -1
2 0 U -1
3 0 U -1
4 0 U -1
5 1 U 0
6 0 U 0
7 1 U 0
8 1 U 0
9 0 U 0
10 0 U 9
11 1 U 9
12 1 U 9
13 0 U 9
14 0 U 9
15 0 U 9
16 1 U 15
17 1 U 15
18 0 U 15
19 0 U 15
20 1 U 15
21 0 U 18
22 0 U 18
23 0 U 18
24 1 U 18
25 1 U 18
26 1 U 18
27 0 U 25
28 1 U 25
29 0 U 25
30
0 1 U -1
1 0 U -1
2 0 U -1
3 0 U -1
4 0 U -1
5 1 U 0
6 0 U 0
7 1 U 0
8 1 U 0
9 0 U 0
10 0 U 9
11 1 U 9
12 1 U 9
13 0 U 9
14 0 U 9
15 0 U 9
16 1 U 15
17 1 U 15
18 0 U 15
19 0 U 15
20 1 U 15
21 0 U 18
22 0 U 18
23 0 U 18
24 1 U 18
25 1 U 18
26 1 U 18
27 0 U 25
28 1 U 25
29 0 U 25
30
0 1 U -1
1 0 U -1
2 0 U -1
3 0 U -1
4 0 U -1
5 0 U -1
6 0 U 0
7 1 U 0
8 1 U 0
9 0 U 0
10 0 U 0
11 1 U 9
12 1 U 9
13 0 U 9
14 0 U 9
15 0 U 9
16 1 U 9
17 1 U 15
18 0 U 15
19 0 U 15
20 1 U 15
21 0 U 15
22 0 U 18
23 0 U 18
24 1 U 18
25 1 U 18
26 1 U 18
27 0 U 18
28 1 U 27
29 1 U 27
30
0 1 U -1
1 0 U -1
2 0 U -1
3 0 U -1
4 0 U -1
5 0 U -1
6 0 U 0
7 1 U 0
8 1 U 0
9 0 U 0
10 0 U 0
11 1 U 9
12 1 U 9
13 0 U 9
14 0 U 9
15 0 U 9
16 1 U 9
17 1 U 15
18 0 U 15
19 0 U 15
20 1 U 15
21 0 U 15
22 0 U 18
23 0 U 18
24 1 U 18
25 1 U 18
26 1 U 18
27 0 U 18
28 1 U 18
29 1 U 27
30
0 1 U -1
1 0 U -1
2 0 U -1
3 0 U -1
4 0 U -1
5 0 U -1
6 0 U 0
7 1 U 0
8 1 U 0
9 0 U 0
10 0 U 0
11 1 U 0
12 1 U 9
13 0 U 9
14 0 U 9
15 0 U 9
16 1 U 9
17 1 U 9
18 0 U 17
19 0 U 17
20 1 U 17
21 0 U 17
22 0 U 17
23 0 U 17
24 1 U 18
25 1 U 18
26 1 U 18
27 0 U 18
28 1 U 18
29 0 U 18
30
0 1 U -1
1 0 U -1
2 0 U -1
3 0 U -1
4 0 U -1
5 0 U -1
6 0 U 0
7 1 U 0
8 1 U 0
9 0 U 0
10 0 U 0
11 1 U 0
12 1 U 9
13 0 U 9
14 0 U 9
15 0 U 9
16 1 U 9
17 1 U 9
18 0 U 17
19 0 U 17
20 1 U 17
21 0 U 17
22 0 U 17
23 0 U 17
24 1 U 18
25 1 U 18
26 1 U 18
27 0 U 18
28 1 U 18
29 0 U 18
30
0 1 U -1
1 0 U -1
2 0 U -1
3 0 U -1
4 0 U -1
5 0 U -1
6 0 U -1
7 1 U 0
8 1 U 0
9 0 U 0
10 0 U 0
11 1 U 0
12 1 U 0
13 1 U 9
14 0 U 9
15 0 U 9
16 1 U 9
17 1 U 9
18 0 U 9
19 0 U 18
20 1 U 18
21 0 U 18
22 0 U 18
23 0 U 18
24 0 U 18
25 1 U 18
26 1 U 25
27 0 U 25
28 1 U 25
29 0 U 25
30
0 1 U -1
1 0 U -1
2 0 U -1
3 0 U -1
4 0 U -1
5 0 U -1
6 0 U -1
7 1 U 0
8 1 U 0
9 0 U 0
10 0 U 0
11 1 U 0
12 1 U 0
13 1 U 9
14 0 U 9
15 0 U 9
16 1 U 9
17 1 U 9
18 0 U 9
19 0 U 18
20 1 U 18
21 0 U 18
22 0 U 18
23 0 U 18
24 0 U 18
25 1 U 18
26 1 U 25
27 0 U 25
28 1 U 25
29 0 U 25
30
0 1 U -1
1 0 U -1
2 0 U -1
3 0 U -1
4 0 U -1
5 0 U -1
6 0 U -1
7 1 U 0
8 1 U 0
9 0 U 0
10 0 U 0
11 1 U 0
12 1 U 0
13 1 U 9
14 0 U 9
15 0 U 9
16 1 U 9
17 1 U 9
18 0 U 9
19 0 U 9
20 1 U 18
21 0 U 18
22 0 U 18
23 0 U 18
24 0 U 18
25 1 U 18
26 1 U 18
27 0 U 25
28 1 U 25
29 0 U 25
30
0 1 U -1
1 0 U -1
2 0 U -1
3 0 U -1
4 0 U -1
5 0 U -1
6 0 U -1
7 1 U 0
8 1 U 0
9 0 U 0
10 0 U 0
11 1 U 0
12 1 U 0
13 1 U 9
14 0 U 9
15 0 U 9
16 1 U 9
17 1 U 9
18 0 U 9
19 0 U 9
20 1 U 18
21 0 U 18
22 0 U 18
23 0 U 18
24 0 U 18
25 1 U 18
26 1 U 18
27 0 U 18
28 1 U 27
29 1 U 27
30
0 1 U -1
1 0 U -1
2 0 U -1
3 0 U -1
4 0 U -1
5 0 U -1
6 0 U -1
7 1 U 0
8 1 U 0
9 0 U 0
10 0 U 0
11 1 U 0
12 1 U 0
13 1 U 9
14 0 U 9
15 0 U 9
16 1 U 9
17 1 U 9
18 0 U 9
19 0 U 9
20 1 U 18
21 0 U 18
22 0 U 18
23 0 U 18
24 0 U 18
25 1 U 18
26 1 U 18
27 0 U 18
28 1 U 27
29 1 U 27
30
0 1 U -1
1 0 U -1
2 0 U -1
3 0 U -1
4 0 U -1
5 0 U -1
6 0 U -1
7 1 U 0
8 1 U 0
9 0 U 0
10 0 U 0
11 1 U 0
12 1 U 0
13 1 U 9
14 0 U 9
15 0 U 9
16 1 U 9
17 1 U 9
18 0 U 9
19 0 U 9
20 1 U 18
21 0 U 18
22 0 U 18
23 0 U 18
24 0 U 18
25 1 U 18
26 1 U 18
27 0 U 18
28 1 U 27
29 1 U 27
30
0 1 U -1
1 0 U -1
2 0 U -1
3 0 U -1
4 0 U -1
5 0 U -1
6 0 U -1
7 1 U -1
8 1 U 0
9 0 U 0
10 0 U 0
11 1 U 0
12 1 U 0
13 0 U 0
14 0 U 0
15 0 U 9
16 1 U 9
17 1 U 9
18 0 U 9
19 0 U 9
20 1 U 9
21 0 U 18
22 0 U 18
23 0 U 18
24 1 U 18
25 1 U 18
26 1 U 18
27 0 U 18
28 1 U 18
29 1 U 27
30
0 1 U -1
1 0 U -1
2 0 U -1
3 0 U -1
4 0 U -1
5 0 U -1
6 0 U -1
7 1 U -1
8 1 U 0
9 0 U 0
10 0 U 0
11 1 U 0
12 1 U 0
13 0 U 0
14 0 U 0
15 0 U 9
16 1 U 9
17 1 U 9
18 0 U 9
19 0 U 9
20 1 U 9
21 0 U 18
22 0 U 18
23 0 U 18
24 1 U 18
25 1 U 18
26 1 U 18
27 0 U 18
28 1 U 18
29 1 U 27
30
0 1 U -1
1 0 U -1
2 0 U -1
3 0 U -1
4 0 U -1
5 0 U -1
6 0 U -1
7 1 U -1
8 1 U 0
9 0 U 0
10 0 U 0
11 1 U 0
12 1 U 0
13 0 U 0
14 0 U 0
15 0 U 0
16 1 U 9
17 1 U 9
18 0 U 9
19 0 U 9
20 1 U 9
21 0 U 9
22 0 U 9
23 0 U 18
24 1 U 18
25 1 U 18
26 1 U 18
27 0 U 18
28 1 U 18
29 0 U 18
30
0 1 U -1
1 0 U -1
2 0 U -1
3 0 U -1
4 0 U -1
5 0 U -1
6 0 U -1
7 1 U -1
8 1 U 0
9 0 U 0
10 0 U 0
11 1 U 0
12 1 U 0
13 0 U 0
14 0 U 0
15 0 U 0
16 1 U 9
17 1 U 9
18 0 U 9
19 0 U 9
20 1 U 9
21 0 U 9
22 0 U 9
23 0 U 18
24 1 U 18
25 1 U 18
26 1 U 18
27 0 U 18
28 1 U 18
29 0 U 18
30
0 1 U -1
1 0 U -1
2 0 U -1
3 0 U -1
4 0 U -1
5 0 U -1
6 0 U -1
7 1 U -1
8 1 U 0
9 0 U 0
10 0 U 0
11 1 U 0
12 1 U 0
13 0 U 0
14 0 U 0
15 0 U 0
16 1 U 9
17 1 U 9
18 0 U 9
19 0 U 9
20 1 U 9
21 0 U 9
22 0 U 9
23 0 U 18
24 1 U 18
25 1 U 18
26 1 U 18
27 0 U 18
28 1 U 18
29 0 U 18
30
0 1 U -1
1 0 U -1
2 0 U -1
3 0 U -1
4 0 U -1
5 0 U -1
6 0 U -1
7 1 U -1
8 1 U 0
9 0 U 0
10 0 U 0
11 1 U 0
12 1 U 0
13 0 U 0
14 0 U 0
15 0 U 0
16 1 U 9
17 1 U 9
18 0 U 9
19 0 U 9
20 1 U 9
21 0 U 9
22 0 U 9
23 0 U 18
24 1 U 18
25 1 U 18
26 1 U 18
27 0 U 18
28 1 U 18
29 0 U 18
30
0 1 U -1
1 0 U -1
2 0 U -1
3 0 U -1
4 0 U -1
5 0 U -1
6 0 U -1
7 1 U -1
8 1 U 0
9 0 U 0
10 0 U 0
11 1 U 0
12 1 U 0
13 0 U 0
14 0 U 0
15 0 U 0
16 1 U 9
17 1 U 9
18 0 U 9
19 0 U 9
20 1 U 9
21 0 U 9
22 0 U 9
23 0 U 9
24 1 U 18
25 1 U 18
26 1 U 18
27 0 U 18
28 1 U 18
29 0 U 18
30
0 1 U -1
1 0 U -1
2 0 U -1
3 0 U -1
4 0 U -1
5 0 U -1
6 0 U -1
7 1 U -1
8 1 U 0
9 0 U 0
10 0 U 0
11 1 U 0
12 1 U 0
13 0 U 0
14 0 U 0
15 0 U 0
16 1 U 9
17 1 U 9
18 0 U 9
19 0 U 9
20 1 U 9
21 0 U 9
22 0 U 9
23 0 U 9
24 1 U 18
25 1 U 18
26 1 U 18
27 0 U 18
28 1 U 18
29 0 U 18
30
0 1 U -1
1 0 U -1
2 0 U -1
3 0 U -1
4 0 U -1
5 0 U -1
6 0 U -1
7 1 U -1
8 0 U -1
9 0 U 0
10 0 U 0
11 1 U 0
12 1 U 0
13 0 U 0
14 0 U 0
15 0 U 0
16 1 U 0
17 1 U 9
18 0 U 9
19 0 U 9
20 1 U 9
21 0 U 9
22 0 U 9
23 0 U 9
24 0 U 9
25 1 U 9
26 1 U 18
27 0 U 18
28 1 U 18
29 0 U 18
30
0 1 U -1
1 0 U -1
2 0 U -1
3 0 U -1
4 0 U -1
5 0 U -1
6 0 U -1
7 1 U -1
8 0 U -1
9 0 U 0
10 0 U 0
11 1 U 0
12 1 U 0
13 0 U 0
14 0 U 0
15 0 U 0
16 1 U 0
17 1 U 9
18 0 U 9
19 0 U 9
20 1 U 9
21 0 U 9
22 0 U 9
23 0 U 9
24 0 U 9
25 1 U 9
26 1 U 18
27 0 U 18
28 1 U 18
29 0 U 18
30
0 1 U -1
1 0 U -1
2 0 U -1
3 0 U -1
4 0 U -1
5 0 U -1
6 0 U -1
7 1 U -1
8 0 U -1
9 0 U 0
10 0 U 0
11 1 U 0
12 1 U 0
13 0 U 0
14 0 U 0
15 0 U 0
16 1 U 0
17 1 U 0
18 0 U 9
19 0 U 9
20 1 U 9
21 0 U 9
22 0 U 9
23 0 U 9
24 0 U 9
25 1 U 9
26 0 U 9
27 0 U 18
28 1 U 18
29 0 U 18
30
0 1 U -1
1 0 U -1
2 0 U -1
3 0 U -1
4 0 U -1
5 0 U -1
6 0 U -1
7 1 U -1
8 0 U -1
9 0 U 0
10 0 U 0
11 1 U 0
12 1 U 0
13 0 U 0
14 0 U 0
15 0 U 0
16 1 U 0
17 1 U 0
18 0 U 9
19 0 U 9
20 1 U 9
21 0 U 9
22 0 U 9
23 0 U 9
24 0 U 9
25 1 U 9
26 0 U 9
27 0 U 9
28 1 U 27
29 1 U 27
30
0 1 U -1
1 0 U -1
2 0 U -1
3 0 U -1
4 0 U -1
5 0 U -1
6 0 U -1
7 1 U -1
8 0 U -1
9 0 U -1
10 0 U 0
11 1 U 0
12 1 U 0
13 0 U 0
14 0 U 0
15 0 U 0
16 1 U 0
17 1 U 0
18 0 U 0
19 0 U 18
20 1 U 18
21 0 U 18
22 0 U 18
23 0 U 18
24 0 U 18
25 1 U 18
26 1 U 18
27 0 U 18
28 1 U 18
29 1 U 27
30
0 1 U -1
1 0 U -1
2 0 U -1
3 0 U -1
4 0 U -1
5 0 U -1
6 0 U -1
7 1 U -1
8 0 U -1
9 0 U -1
10 0 U 0
11 1 U 0
12 1 U 0
13 0 U 0
14 0 U 0
15 0 U 0
16 1 U 0
17 1 U 0
18 0 U 0
19 0 U 18
20 1 U 18
21 0 U 18
22 0 U 18
23 0 U 18
24 0 U 18
25 1 U 18
26 1 U 18
27 0 U 18
28 1 U 18
29 1 U 27
30
0 1 U -1
1 0 U -1
2 0 U -1
3 0 U -1
4 0 U -1
5 0 U -1
6 0 U -1
7 1 U -1
8 0 U -1
9 0 U -1
10 0 U 0
11 1 U 0
12 1 U 0
13 0 U 0
14 0 U 0
15 0 U 0
16 1 U 0
17 1 U 0
18 0 U 0
19 0 U 18
20 1 U 18
21 0 U 18
22 0 U 18
23 0 U 18
24 0 U 18
25 1 U 18
26 1 U 18
27 0 U 18
28 1 U 18
29 1 U 27
30
0 1 U -1
1 0 U -1
2 0 U -1
3 0 U -1
4 0 U -1
5 0 U -1
6 0 U -1
7 1 U -1
8 0 U -1
9 0 U -1
10 0 U 0
11 1 U 0
12 1 U 0
13 0 U 0
14 0 U 0
15 0 U 0
16 1 U 0
17 1 U 0
18 0 U 0
19 0 U 18
20 1 U 18
21 0 U 18
22 0 U 18
23 0 U 18
24 0 U 18
25 1 U 18
26 1 U 18
27 0 U 18
28 1 U 18
29 1 U 27
30
0 1 U -1
1 0 U -1
2 0 U -1
3 0 U -1
4 0 U -1
5 0 U -1
6 0 U -1
7 1 U -1
8 0 U -1
9 0 U -1
10 0 U 0
11 1 U 0
12 1 U 0
13 0 U 0
14 0 U 0
15 0 U 0
16 1 U 0
17 1 U 0
18 0 U 0
19 0 U 0
20 1 U 18
21 0 U 18
22 0 U 18
23 0 U 18
24 0 U 18
25 1 U 18
26 1 U 18
27 0 U 18
28 1 U 18
29 0 U 18
30
0 1 U -1
1 0 U -1
2 0 U -1
3 0 U -1
4 0 U 0
5 1 U 0
6 0 U 0
7 1 U 0
8 1 U 5
9 0 U 5
10 0 U 5
11 1 U 5
12 1 U 9
13 0 U 9
14 0 U 9
15 0 U 9
16 1 U 9
17 1 U 15
18 0 U 15
19 0 U 15
20 1 U 15
21 0 U 18
22 0 U 18
23 0 U 18
24 1 U 18
25 1 U 18
26 1 U 25
27 0 U 25
28 1 U 25
29 0 U 25
