100 8
477 514
703 786
577 572
327 487
951 516
782 153
423 656
341 549
754 45
317 592
588 809
644 212
451 345
716 164
497 469
391 287
618 266
26 823
637 896
688 549
566 337
826 239
145 711
28 842
715 744
714 318
758 619
727 621
533 162
385 510
336 570
794 449
510 297
110 735
767 199
619 759
563 934
822 469
645 160
154 696
580 315
788 431
164 693
315 598
568 538
802 587
863 314
776 382
408 398
421 516
445 931
180 673
540 640
711 706
702 132
560 849
849 534
363 608
914 550
413 460
526 972
436 608
807 469
517 430
699 191
755 440
192 680
329 669
22 793
314 564
505 688
579 899
746 727
820 722
495 510
611 883
171 838
441 639
715 707
843 324
643 689
736 456
527 582
383 593
173 655
823 428
867 203
183 810
468 333
514 821
727 356
847 655
578 519
638 794
866 292
695 69
987 620
961 610
844 399
811 678

