10 0.0
000000000000000000000000000000000000000000000
000000000000000000000000000000000000000000000
000000000000000000000000000000000000000000000
000000000000000000000000000000000000000000000
000000000000000000000000000000000000000000000
000000000000000000000000000000000000000000000
000000000000000000000000000000000000000000000
000000000000000000000000000000000000000000000
000000000000000000000000000000000000000000000
000000000000000000000000000000000000000000000
111111111111111111111111111111111111111111111
111111111111111111111111111111111111111111111
111111111111111111111111111111111111111111111
111111111111111111111111111111111111111111111
111111111111111111111111111111111111111111111
111111111111111111111111111111111111111111111
111111111111111111111111111111111111111111111
111111111111111111111111111111111111111111111
111111111111111111111111111111111111111111111
111111111111111111111111111111111111111111111
110011011111110010100000010001010011100111001
110011011111110010100000010001010011100111001
110011011111110010100000010001010011100111001
110011011111110010100000010001010011100111001
110011011111110010100000010001010011100111001
110011011111110010100000010001010011100111001
110011011111110010100000010001010011100111001
110011011111110010100000010001010011100111001
110011011111110010100000010001010011100111001
110011011111110010100000010001010011100111001
001000110110010001011000101100010100100000000
001000110110010001011000101100010100100000000
001000110110010001011000101100010100100000000
001000110110010001011000101100010100100000000
001000110110010001011000101100010100100000000
001000110110010001011000101100010100100000000
001000110110010001011000101100010100100000000
001000110110010001011000101100010100100000000
001000110110010001011000101100010100100000000
001000110110010001011000101100010100100000000
001111000110110001001111101011111101111101111
001111000110110001001111101011111101111101111
001111000110110001001111101011111101111101111
001111000110110001001111101011111101111101111
001111000110110001001111101011111101111101111
001111000110110001001111101011111101111101111
001111000110110001001111101011111101111101111
001111000110110001001111101011111101111101111
001111000110110001001111101011111101111101111
001111000110110001001111101011111101111101111
100001011010010101100110000110000111011010111
100001011010010101100110000110000111011010111
100001011010010101100110000110000111011010111
100001011010010101100110000110000111011010111
100001011010010101100110000110000111011010111
100001011010010101100110000110000111011010111
100001011010010101100110000110000111011010111
100001011010010101100110000110000111011010111
100001011010010101100110000110000111011010111
100001011010010101100110000110000111011010111
001001011100110110001101000100110000111000001
001001011100110110001101000100110000111000001
001001011100110110001101000100110000111000001
001001011100110110001101000100110000111000001
001001011100110110001101000100110000111000001
001001011100110110001101000100110000111000001
001001011100110110001101000100110000111000001
001001011100110110001101000100110000111000001
001001011100110110001101000100110000111000001
001001011100110110001101000100110000111000001
101000000011001101100110111111111001101011110
101000000011001101100110111111111001101011110
101000000011001101100110111111111001101011110
101000000011001101100110111111111001101011110
101000000011001101100110111111111001101011110
101000000011001101100110111111111001101011110
101000000011001101100110111111111001101011110
101000000011001101100110111111111001101011110
101000000011001101100110111111111001101011110
101000000011001101100110111111111001101011110
001101001011101011011001100110010111100010110
001101001011101011011001100110010111100010110
001101001011101011011001100110010111100010110
001101001011101011011001100110010111100010110
001101001011101011011001100110010111100010110
001101001011101011011001100110010111100010110
001101001011101011011001100110010111100010110
001101001011101011011001100110010111100010110
001101001011101011011001100110010111100010110
001101001011101011011001100110010111100010110
101110110010001110110101110111001110111000111
101110110010001110110101110111001110111000111
101110110010001110110101110111001110111000111
101110110010001110110101110111001110111000111
101110110010001110110101110111001110111000111
101110110010001110110101110111001110111000111
101110110010001110110101110111001110111000111
101110110010001110110101110111001110111000111
101110110010001110110101110111001110111000111
101110110010001110110101110111001110111000111