21 6
0 0 1 1 2 2 3 3 4 5 5 6 6 7 7 8 9 9 10 11 11 12 13 14 15 15 16 17 17 18 19 20 20 21 21 22 22 23 24 25 26 27 28 29 29 30 31 31 32 33
34 35 36 37 38 39 40 40 4 41 41 42 42 43 43 8 44 45 45 46 46 12 13 14 47 47 48 49 49 18 19 50 51 52 53 53 54 54 24 25 26 27 28 55 56 57 57 58 32 33
34 35 59 37 60 39 61 61 62 63 63 64 65 65 66 67 68 68 69 69 70 70 71 71 72 72 48 73 74 75 76 50 51 77 77 78 78 79 79 80 81 81 82 55 56 83 83 58 84 85
86 87 59 88 60 89 89 90 62 91 91 64 92 93 93 67 94 95 95 96 96 97 97 98 98 99 100 73 74 75 76 101 102 102 103 103 104 104 105 80 106 106 107 107 108 108 109 109 84 85
86 87 110 111 112 112 113 114 114 115 115 116 117 117 118 118 94 119 120 121 121 122 122 123 123 99 100 124 125 126 127 101 128 128 129 129 130 131 105 132 133 134 135 136 136 137 138 138 139 140
141 141 110 111 142 142 143 144 145 145 146 146 147 147 148 148 149 119 120 150 150 151 152 152 153 153 154 154 125 126 127 155 156 157 158 158 130 131 159 160 133 134 161 162 163 163 164 164 165 140
166 166 167 167 168 168 143 169 169 170 171 171 172 172 173 174 149 175 175 176 177 178 178 179 179 180 181 181 182 183 183 155 184 157 185 185 186 186 159 160 187 188 161 189 190 190 191 191 165 192
193 193 194 194 195 195 196 197 197 198 199 199 200 200 173 201 202 203 203 176 177 204 205 206 206 207 208 208 182 209 210 210 184 211 212 213 213 214 215 215 187 216 216 189 217 218 218 219 220 192
221 221 222 222 223 223 196 224 225 198 226 227 227 228 229 201 230 230 231 231 232 232 205 233 233 207 234 235 235 209 236 236 237 211 212 238 238 239 240 240 241 242 243 243 217 244 244 219 220 245
246 246 247 248 248 249 249 224 225 250 251 251 252 228 229 253 254 254 255 255 256 257 257 258 258 259 259 260 260 261 262 262 237 263 264 265 266 239 267 267 241 242 268 268 269 270 270 271 271 272
273 273 247 274 274 275 276 276 277 277 278 279 252 280 280 281 282 283 283 284 284 285 286 286 287 288 288 289 290 291 292 292 293 263 264 265 266 294 295 296 297 297 298 298 269 299 299 300 301 272
302 302 303 303 304 304 305 306 306 307 278 279 308 309 310 281 282 311 312 312 313 285 314 315 315 316 316 289 290 291 317 317 293 318 319 319 320 321 295 322 322 323 323 324 325 326 326 300 301 327
328 329 329 330 330 331 331 332 332 333 333 334 308 309 310 335 336 311 337 338 313 339 314 340 341 342 343 344 344 345 345 346 347 347 348 349 349 321 350 350 351 352 353 324 354 354 355 356 357 327
358 358 359 360 360 361 361 362 363 363 364 364 365 365 366 335 336 367 337 368 368 369 370 340 341 342 343 371 372 373 373 374 375 375 348 376 376 377 378 378 351 352 353 379 379 380 355 356 357 381
382 382 359 383 384 384 385 362 386 387 387 388 388 389 366 390 391 367 392 392 393 369 370 394 394 395 395 371 372 396 397 374 398 399 400 401 401 377 402 403 404 405 406 407 407 408 408 409 409 381
410 411 411 383 412 412 385 413 386 414 415 415 416 417 418 390 419 419 420 420 393 421 421 422 422 423 423 424 425 396 397 426 427 399 400 428 429 430 402 403 404 405 406 431 432 432 433 434 435 435
436 436 437 437 438 439 440 413 441 442 442 443 416 417 418 444 445 445 446 447 448 449 450 450 451 452 452 424 425 453 454 426 427 455 455 428 456 430 457 457 458 459 459 431 460 460 433 461 461 462
463 463 464 465 465 439 440 466 467 468 468 443 469 469 470 444 471 472 446 447 448 449 473 474 474 475 475 476 476 453 477 478 479 480 480 481 456 482 482 483 458 484 485 486 487 487 488 488 489 490
491 491 464 492 492 493 494 494 467 495 496 496 497 498 499 499 471 472 500 501 502 502 503 504 504 505 505 506 506 507 477 478 479 508 508 509 510 511 512 483 513 484 485 486 514 515 515 516 516 490
517 517 518 519 519 493 520 521 521 522 523 523 497 498 524 525 525 526 500 501 527 528 503 529 530 531 532 532 533 507 534 535 536 537 537 509 538 511 512 539 513 540 540 541 542 543 544 544 545 546
547 547 518 548 548 549 520 550 550 522 551 551 552 553 553 554 555 526 556 556 527 528 557 529 530 531 558 558 559 560 534 535 561 561 562 562 538 563 564 539 565 566 567 567 542 543 568 568 545 546
569 569 570 571 572 549 573 574 574 575 575 576 576 577 578 578 555 579 580 581 581 582 582 583 584 584 585 585 559 560 586 586 587 587 588 589 590 563 564 591 565 566 592 592 593 593 594 595 596 596
597 597 570 598 572 599 600 600 601 601 602 603 604 577 605 606 606 579 580 607 608 609 609 583 610 611 612 612 613 613 614 615 615 616 617 589 590 618 619 619 620 620 621 621 622 623 594 595 624 625
626 626 627 598 628 629 629 630 631 631 602 632 604 633 605 634 635 636 636 607 608 637 638 638 610 639 639 640 640 641 614 642 642 616 617 643 643 618 644 645 646 647 648 649 622 623 650 651 651 625
652 652 627 653 653 654 655 630 656 657 658 632 659 633 660 634 635 661 661 662 663 664 664 665 666 666 667 668 668 669 670 671 672 672 673 673 674 675 644 645 646 647 648 649 676 676 677 677 678 679
680 681 681 682 682 654 655 683 684 657 658 685 659 686 687 687 688 689 689 662 663 690 690 665 691 691 692 693 693 669 670 671 694 694 695 696 674 697 698 698 699 699 700 700 701 702 703 703 678 679
680 704 704 705 706 707 708 683 684 709 709 710 711 686 712 713 688 714 714 715 715 716 717 717 718 719 692 720 720 721 721 722 723 723 695 696 724 697 725 725 726 727 727 728 729 702 730 731 732 732
733 733 734 705 735 707 708 736 737 737 738 710 711 739 740 713 741 742 742 743 744 716 745 745 746 719 747 747 748 749 749 722 750 750 751 751 752 752 753 754 754 755 755 756 729 757 757 731 758 758
759 760 734 761 735 762 763 736 764 765 738 766 766 767 740 768 741 769 769 743 744 770 770 771 746 772 773 773 748 774 774 775 775 776 776 777 778 779 780 780 781 781 782 756 783 784 784 785 786 786
759 760 787 787 788 762 763 789 790 765 791 791 792 767 793 768 794 794 795 795 796 796 797 771 798 799 799 800 800 801 801 802 802 803 803 777 778 804 805 805 806 807 808 809 810 811 812 785 813 813
814 814 815 816 817 818 819 789 790 820 820 821 822 822 793 823 824 825 826 827 828 829 797 830 798 831 832 832 833 834 835 836 837 838 839 840 840 804 841 841 806 807 808 809 810 811 812 842 842 843
844 845 815 816 817 818 819 846 846 847 848 849 849 850 851 851 824 825 826 827 828 852 852 853 853 854 855 856 833 834 835 836 837 838 839 857 857 858 858 859 859 860 860 861 862 863 863 864 865 843
866 845 867 868 869 869 870 870 871 871 848 872 873 850 874 874 875 876 877 877 878 878 879 880 881 854 855 856 882 882 883 884 884 885 886 886 887 888 889 890 890 891 891 861 862 892 892 864 865 893
866 894 867 868 895 896 897 898 898 899 900 872 873 901 902 903 875 876 904 905 905 906 879 880 881 907 907 908 908 909 883 910 910 885 911 911 887 888 912 912 913 913 914 915 916 916 917 917 918 918
919 894 920 921 895 896 897 922 922 923 900 924 925 901 902 926 926 927 927 928 929 906 930 931 932 933 934 934 935 936 936 937 938 938 939 940 941 941 942 942 943 943 944 915 945 945 946 947 947 948
919 949 920 921 950 950 951 952 953 923 954 954 925 955 956 956 957 958 959 928 929 960 930 931 932 961 962 962 935 963 964 937 965 966 939 967 967 968 968 969 970 970 944 971 972 973 946 974 974 948
975 949 976 977 978 978 951 952 979 979 980 981 982 982 983 984 984 958 985 985 986 960 987 987 988 961 989 990 990 963 964 991 991 966 992 992 993 993 994 995 995 996 997 971 972 998 999 1000 1000 1001
1002 1002 976 977 1003 1004 1004 1005 1005 1006 980 981 1007 1008 1008 1009 1009 1010 1011 1011 986 1012 1013 1014 988 1015 989 1016 1016 1017 1017 1018 1018 1019 1019 1020 1020 1021 1022 1023 1023 996 997 1024 1024 998 1025 1026 1026 1001
1027 1028 1029 1029 1003 1030 1031 1032 1032 1033 1034 1035 1007 1036 1036 1037 1038 1010 1039 1039 1040 1012 1013 1014 1041 1041 1042 1042 1043 1043 1044 1044 1045 1046 1047 1048 1049 1049 1022 1050 1051 1052 1052 1053 1053 1054 1025 1055 1055 1056
1027 1028 1057 1057 1058 1058 1031 1059 1060 1033 1034 1035 1061 1062 1062 1063 1038 1064 1065 1065 1040 1066 1066 1067 1068 1068 1069 1070 1070 1071 1072 1072 1045 1046 1047 1048 1073 1074 1074 1050 1075 1076 1077 1077 1078 1054 1079 1080 1080 1056
1081 1081 1082 1083 1084 1084 1085 1059 1060 1086 1087 1088 1088 1089 1090 1063 1091 1064 1092 1092 1093 1094 1095 1095 1096 1096 1097 1097 1098 1071 1099 1099 1100 1100 1101 1102 1073 1103 1104 1105 1075 1076 1106 1106 1078 1107 1079 1108 1109 1109
1110 1110 1082 1083 1111 1112 1113 1114 1115 1115 1087 1116 1116 1089 1090 1117 1091 1118 1119 1120 1120 1094 1121 1121 1122 1122 1123 1124 1098 1125 1125 1126 1127 1128 1128 1102 1129 1130 1104 1105 1131 1131 1132 1133 1134 1134 1135 1135 1136 1136
1137 1137 1138 1139 1111 1112 1113 1114 1140 1141 1142 1143 1143 1144 1144 1117 1145 1145 1119 1146 1147 1148 1149 1150 1150 1151 1151 1124 1152 1153 1153 1126 1154 1154 1155 1156 1129 1130 1157 1158 1159 1160 1132 1161 1162 1162 1163 1164 1164 1165
1166 1167 1138 1139 1168 1169 1170 1170 1140 1141 1142 1171 1171 1172 1173 1173 1174 1174 1175 1176 1147 1148 1149 1177 1177 1178 1179 1179 1180 1181 1181 1182 1182 1183 1155 1156 1184 1184 1185 1158 1186 1160 1187 1161 1188 1189 1163 1190 1190 1165
1166 1167 1191 1191 1168 1169 1192 1192 1193 1193 1194 1194 1195 1172 1196 1197 1198 1199 1199 1176 1200 1201 1202 1203 1203 1178 1204 1204 1180 1205 1205 1206 1206 1207 1208 1208 1209 1209 1185 1210 1186 1211 1187 1212 1213 1189 1214 1215 1215 1216
1217 1218 1218 1219 1219 1220 1220 1221 1222 1222 1223 1224 1195 1225 1196 1197 1198 1226 1226 1227 1227 1201 1202 1228 1229 1230 1230 1231 1231 1232 1232 1233 1233 1207 1234 1235 1236 1237 1237 1210 1238 1211 1239 1240 1213 1241 1214 1242 1242 1243
1244 1245 1245 1246 1246 1247 1248 1248 1249 1250 1223 1251 1252 1252 1253 1254 1254 1255 1255 1256 1257 1257 1258 1258 1229 1259 1260 1261 1261 1262 1262 1263 1263 1264 1234 1235 1236 1265 1266 1266 1238 1267 1268 1240 1269 1270 1271 1272 1272 1243
1244 1273 1273 1274 1275 1276 1276 1277 1249 1250 1278 1251 1279 1279 1280 1280 1281 1281 1282 1256 1283 1283 1284 1284 1285 1286 1260 1287 1287 1288 1288 1289 1289 1264 1290 1290 1291 1265 1292 1292 1293 1267 1268 1294 1269 1270 1295 1296 1297 1297
1298 1298 1299 1274 1300 1300 1301 1277 1302 1302 1278 1303 1303 1304 1305 1306 1306 1307 1307 1308 1309 1310 1311 1312 1312 1286 1313 1314 1314 1315 1315 1316 1316 1317 1318 1318 1319 1319 1320 1321 1322 1323 1323 1294 1324 1325 1295 1296 1326 1327
1328 1329 1329 1330 1331 1331 1301 1332 1333 1333 1334 1334 1335 1304 1305 1336 1336 1337 1337 1308 1309 1310 1338 1338 1339 1339 1313 1340 1340 1341 1341 1342 1342 1317 1343 1343 1344 1345 1345 1321 1322 1346 1347 1347 1324 1325 1348 1348 1326 1327
85 20 9 70 37 7 14 85 26 38 56 9 67 37 95 63 54 71 18 14 92 61 76 37 56 71 16 33 41 7 61 10 62 83 8 99 73 76 62 41 53 55 52 6 11 32 28 30 83 13
8 97 28 83 22 32 53 62 92 99 77 83 77 91 52 36 27 61 38 22 1 21 60 46 14 87 91 26 57 37 29 3 0 51 56 19 44 3 87 63 87 33 31 41 82 66 0 61 78 94
52 78 9 26 91 41 18 82 88 56 25 8 84 17 12 70 41 99 28 26 35 36 2 52 61 30 96 8 84 36 82 98 77 54 2 43 9 33 66 98 76 61 84 96 50 40 32 94 14 56
84 23 80 84 79 91 27 10 35 40 42 84 88 63 48 13 97 25 5 16 90 68 49 92 32 67 96 84 59 54 3 57 54 11 23 23 53 31 85 43 44 7 90 29 12 79 17 29 85 67
20 1 85 6 37 98 44 63 13 56 74 64 75 42 15 48 41 10 17 21 43 34 8 72 54 1 2 35 88 94 30 26 51 77 14 95 90 31 27 75 69 75 67 85 40 47 13 24 75 80
14 19 6 44 78 55 3 12 13 19 6 37 37 99 42 18 17 94 3 84 11 56 20 86 49 35 59 95 6 69 35 28 66 4 87 90 88 25 30 52 7 73 10 52 64 46 70 29 62 8
94 4 28 26 41 64 4 78 32 87 99 18 81 23 21 30 40 44 40 16 0 93 87 30 41 72 19 94 93 4 72 81 39 39 96 57 83 13 55 92 45 26 65 55 80 45 27 9 80 35
94 21 89 60 87 77 91 9 47 77 36 2 69 80 63 19 29 24 86 37 63 63 45 66 24 61 18 76 32 85 73 70 91 97 59 73 88 25 88 84 39 89 89 25 31 73 0 4 83 52
48 71 69 17 36 55 30 23 46 90 87 19 14 21 25 78 83 33 91 69 64 47 58 44 19 23 46 9 64 56 91 59 93 16 4 55 49 53 18 43 10 93 17 8 80 8 63 47 82 40
1 81 67 78 62 18 46 5 61 8 53 27 49 2 33 43 7 80 23 96 62 5 0 61 83 52 23 39 70 13 13 32 49 33 30 65 91 7 28 68 44 90 93 0 8 41 62 30 33 41
36 47 17 44 39 76 47 37 50 15 6 73 94 88 79 14 69 15 75 61 96 89 5 21 63 91 84 85 13 39 66 94 19 2 87 76 95 80 91 66 5 84 70 59 57 79 21 42 69 33
78 67 36 76 69 26 49 12 21 15 60 62 68 15 39 48 90 66 30 65 63 56 63 76 86 64 11 19 16 46 57 82 45 47 19 14 15 2 45 94 45 32 49 65 56 10 39 92 51 87
67 36 1 15 28 54 76 46 65 89 19 66 13 36 15 99 60 19 68 68 14 92 35 33 49 97 7 18 42 57 83 66 21 4 11 40 78 75 92 12 84 77 84 3 41 88 72 76 85 77
92 63 16 92 60 94 89 63 44 86 23 25 50 30 79 39 60 12 27 86 92 10 55 92 78 88 24 50 7 74 36 1 58 86 27 29 88 76 19 94 25 58 8 81 6 64 23 3 79 25
39 51 94 73 24 12 64 30 80 57 12 53 16 69 27 61 8 37 57 16 88 84 21 43 12 59 55 10 45 92 75 74 91 38 56 52 5 69 64 49 44 27 17 88 42 58 34 52 52 61
19 10 10 4 50 86 58 43 3 25 77 28 24 80 13 43 72 39 93 69 39 2 21 15 87 84 93 64 75 87 87 90 67 85 32 2 74 94 14 76 63 25 46 82 24 19 17 49 54 99
66 11 51 93 15 95 69 74 5 91 12 78 81 80 93 24 81 7 51 60 85 26 53 61 41 62 51 77 22 67 58 27 14 2 27 30 31 7 9 14 48 32 90 29 85 33 35 46 63 46
22 17 79 72 52 68 99 31 96 43 78 66 6 90 44 59 83 29 67 21 29 96 4 91 42 89 85 77 51 34 18 17 37 81 19 19 95 16 99 25 29 87 96 49 74 10 68 91 33 32
50 82 9 35 95 22 45 8 73 17 17 63 0 71 96 74 56 99 4 93 53 52 43 71 55 46 66 59 68 55 72 50 28 4 55 7 67 67 68 29 34 25 21 86 0 81 50 66 57 47
19 14 11 31 54 3 98 42 86 24 55 99 64 78 23 78 42 43 18 32 49 10 40 72 36 40 89 93 37 64 11 18 42 73 64 5 9 70 15 45 17 31 84 11 83 3 48 14 20 65
48 75 20 32 23 48 32 54 38 19 53 42 19 88 40 65 45 73 31 15 39 68 3 45 2 98 50 74 52 16 97 61 94 86 68 95 28 31 98 71 73 36 89 82 30 16 44 91 4 50
47 90 32 32 37 85 87 90 17 19 39 90 30 29 59 75 97 1 19 6 31 78 88 56 37 66 37 79 66 26 21 35 9 9 50 73 3 52 81 32 16 84 12 54 16 11 48 13 46 56
45 53 14 13 64 20 99 14 61 94 93 92 87 58 8 39 69 18 63 60 0 71 39 86 48 31 66 54 47 38 83 97 91 93 9 65 11 73 83 28 60 57 5 78 28 80 87 14 79 7
0 2 6 25 22 50 21 54 96 78 16 19 95 61 7 20 4 9 34 49 62 52 60 56 30 72 22 24 46 26 43 35 76 20 57 36 89 24 74 33 0 61 95 6 41 82 34 69 10 65
99 8 33 30 92 89 50 96 62 25 62 73 92 77 25 28 31 86 97 46 59 80 66 16 49 19 91 53 36 30 98 13 84 81 45 90 30 68 10 77 15 4 93 42 36 81 92 77 81 28
10 21 20 18 46 45 93 92 54 22 3 18 89 37 25 50 92 61 66 30 65 99 30 72 97 70 54 25 62 91 51 19 67 47 79 59 54 66 20 73 70 43 24 94 38 12 70 34 85 80
90 46 34 11 64 79 83 9 57 35 44 65 54 41 14 42 99 50 94 58 18 12 17 98 16 61 96 16 71 46 27 91 67 84 44 9 19 16 10 88 6 78 47 68 0 56 92 91 86 45
0 4 76 2 15 78 20 5 2 58 13 76 44 86 11 71 41 32 60 1 34 83 68 64 30 55 97 83 44 84 12 36 61 82 72 9 95 45 71 49 82 79 42 95 90 85 0 40 13 6
40 15 32 59 70 19 72 48 51 70 76 4 22 61 32 52 60 9 24 73 32 37 35 44 32 87 22 42 63 93 58 59 64 9 97 18 31 55 9 32 47 53 62 16 37 7 84 9 35 88
26 75 11 10 65 5 76 40 45 95 1 15 39 63 23 45 33 31 65 11 5 11 73 99 68 54 67 15 30 76 3 14 43 62 59 57 66 27 60 44 51 41 99 4 78 14 6 90 9 66
99 68 68 53 59 99 13 71 42 29 15 21 33 13 14 63 13 63 99 67 74 65 9 40 47 24 2 36 97 20 82 1 51 7 70 31 2 32 49 64 72 14 74 73 35 13 13 40 97 42
61 82 7 50 79 28 88 57 74 98 1 31 85 79 76 9 36 65 66 42 10 13 56 39 38 35 9 1 81 19 2 76 14 58 57 50 94 16 89 75 77 31 87 68 80 83 3 47 52 25
40 37 75 94 70 16 31 9 85 41 98 98 53 50 77 96 5 36 18 77 59 1 6 68 43 55 94 71 69 40 18 89 81 51 78 75 37 16 26 10 94 96 54 97 87 94 41 74 52 39
22 6 86 89 83 17 39 35 25 28 60 23 26 18 17 10 11 24 15 3 15 25 95 43 70 12 34 99 46 70 9 48 39 27 46 50 0 89 24 23 49 38 78 64 15 83 14 95 93 46
49 98 13 95 55 71 39 29 83 83 15 17 46 41 23 48 50 43 18 21 14 91 70 6 64 65 11 29 75 67 33 95 86 54 86 31 78 85 44 71 26 59 38 34 62 45 12 80 96 69
56 85 50 45 69 61 64 51 57 81 23 35 43 42 11 56 36 61 99 15 76 43 64 9 74 54 4 36 1 46 67 9 87 22 89 56 40 33 44 45 91 89 18 42 57 75 71 76 75 51
50 22 11 94 51 9 87 21 51 7 28 1 56 17 14 37 79 13 76 54 53 31 62 99 96 65 45 68 11 3 31 30 56 61 69 73 89 71 43 72 97 0 93 80 4 72 40 46 71 87
83 28 57 96 42 64 90 15 91 58 52 52 22 55 67 13 7 11 96 0 41 84 49 90 56 30 90 56 58 96 71 4 53 4 10 92 64 24 88 44 77 98 58 0 84 54 49 27 53 24
61 79 17 41 85 95 2 4 82 57 15 73 96 78 67 86 20 40 73 41 15 24 84 89 22 49 49 57 63 9 72 88 66 88 24 7 88 3 37 39 17 83 85 13 72 16 81 11 45 70
37 84 0 89 79 54 19 29 74 57 34 17 14 90 3 52 46 11 80 96 66 90 94 90 47 7 99 95 66 67 9 79 5 38 66 72 11 15 95 56 82 64 59 81 69 48 38 35 22 82
41 21 14 28 19 40 64 35 29 56 33 30 83 5 34 25 37 94 42 78 51 11 70 28 74 47 8 88 81 58 40 27 95 6 65 63 60 77 39 34 91 69 65 8 90 15 59 98 35 92
55 48 11 13 98 38 1 9 50 2 30 96 8 20 56 51 43 34 20 33 1 55 74 50 18 9 86 78 92 20 51 75 46 14 51 55 78 21 86 98 15 22 58 94 6 67 86 17 50 73
87 42 22 49 13 43 13 90 10 21 28 91 90 12 3 43 80 77 67 94 66 33 17 30 21 2 40 36 11 17 38 30 19 8 53 66 14 26 62 0 38 27 72 20 63 93 62 49 63 69
47 94 46 49 47 73 60 82 11 79 48 62 16 10 93 23 24 41 8 53 94 54 33 82 38 98 24 15 51 73 1 55 85 68 84 90 90 87 78 29 75 91 60 50 66 54 39 19 6 41
10 16 63 60 64 54 65 35 76 30 26 35 97 21 22 37 35 4 28 51 3 8 13 28 88 21 42 96 99 35 87 86 80 92 21 80 69 0 91 30 55 13 2 19 41 4 88 4 93 81
86 38 32 4 66 93 34 50 47 40 29 61 71 56 36 63 38 13 95 40 87 80 30 51 54 22 48 27 73 73 75 65 48 38 4 13 62 71 26 77 30 36 87 9 87 73 89 48 3 43
16 42 55 54 79 28 11 61 3 98 4 36 60 57 29 7 10 11 56 67 3 73 82 7 10 0 15 15 33 70 75 7 55 32 89 91 43 75 43 2 74 94 23 63 38 39 12 14 11 40
76 57 55 59 94 35 41 39 35 68 80 73 62 69 71 68 34 21 78 21 19 77 64 72 21 79 3 3 45 81 1 71 94 57 46 95 79 6 31 53 68 71 68 82 40 73 83 77 80 88
46 22 8 91 13 20 96 45 23 20 47 43 76 16 45 36 51 17 24 35 89 24 22 75 93 1 57 18 6 11 55 49 17 19 55 61 78 41 58 44 3 49 81 32 78 92 51 94 31 15
40 4 72 40 62 46 57 89 9 9 81 81 10 49 80 60 47 95 62 18 25 40 59 13 89 91 2 32 22 35 21 57 13 12 8 16 22 28 22 87 73 21 38 97 68 36 35 28 86 35
