0 0 1000 2
0 2 1000 5
0 5 1000 9
0 9 1000 13
0 13 1000 17
0 17 1000 22
0 22 1000 27
0 27 1000 32
0 32 1000 41
0 41 1000 52
0 52 1000 64
0 64 1000 76
0 76 1000 89
0 89 1000 102
0 102 1000 117
0 117 1000 135
0 135 1000 154
0 154 1000 174
0 174 1000 199
0 199 1000 225
0 225 1000 252
0 252 1000 279
0 279 1000 309
0 309 1000 341
0 341 1000 377
0 377 1000 416
0 416 1000 456
0 456 1000 496
0 496 1000 537
0 537 1000 580
0 580 1000 625
0 625 1000 680
0 680 1000 736
0 736 1000 794
0 794 1000 881
0 881 1000 1009
0 0 1000 2
0 2 1000 4
0 4 1000 8
0 8 1000 13
0 13 1000 19
0 19 1000 27
0 27 1000 35
0 35 1000 45
0 45 1000 56
0 56 1000 68
0 68 1000 82
0 82 1000 96
0 96 1000 113
0 113 1000 132
0 132 1000 151
0 151 1000 171
0 171 1000 192
0 192 1000 213
0 213 1000 234
0 234 1000 256
0 256 1000 279
0 279 1000 302
0 302 1000 327
0 327 1000 352
0 352 1000 378
0 378 1000 405
0 405 1000 435
0 435 1000 467
0 467 1000 515
0 515 1000 564
0 564 1000 615
0 615 1000 679
0 679 1000 750
0 750 1000 828
0 828 1000 911
0 911 1000 997
0 0 1000 2
0 2 1000 4
0 4 1000 7
0 7 1000 12
0 12 1000 18
0 18 1000 25
0 25 1000 32
0 32 1000 40
0 40 1000 48
0 48 1000 57
0 57 1000 67
0 67 1000 81
0 81 1000 97
0 97 1000 114
0 114 1000 131
0 131 1000 148
0 148 1000 166
0 166 1000 185
0 185 1000 205
0 205 1000 229
0 229 1000 253
0 253 1000 279
0 279 1000 306
0 306 1000 334
0 334 1000 364
0 364 1000 396
0 396 1000 429
0 429 1000 466
0 466 1000 503
0 503 1000 543
0 543 1000 589
0 589 1000 649
0 649 1000 717
0 717 1000 795
0 795 1000 891
0 891 1000 1005
0 0 1000 2
0 2 1000 4
0 4 1000 6
0 6 1000 8
0 8 1000 11
0 11 1000 15
0 15 1000 21
0 21 1000 27
0 27 1000 35
0 35 1000 45
0 45 1000 56
0 56 1000 68
0 68 1000 82
0 82 1000 96
0 96 1000 112
0 112 1000 128
0 128 1000 146
0 146 1000 165
0 165 1000 186
0 186 1000 207
0 207 1000 234
0 234 1000 262
0 262 1000 291
0 291 1000 320
0 320 1000 350
0 350 1000 384
0 384 1000 420
0 420 1000 466
0 466 1000 515
0 515 1000 569
0 569 1000 629
0 629 1000 689
0 689 1000 753
0 753 1000 817
0 817 1000 890
0 890 1000 998
0 0 1000 1
0 1 1000 4
0 4 1000 7
0 7 1000 10
0 10 1000 14
0 14 1000 18
0 18 1000 23
0 23 1000 30
0 30 1000 37
0 37 1000 44
0 44 1000 52
0 52 1000 61
0 61 1000 70
0 70 1000 79
0 79 1000 90
0 90 1000 103
0 103 1000 117
0 117 1000 133
0 133 1000 150
0 150 1000 170
0 170 1000 193
0 193 1000 216
0 216 1000 244
0 244 1000 272
0 272 1000 303
0 303 1000 335
0 335 1000 369
0 369 1000 406
0 406 1000 445
0 445 1000 498
0 498 1000 552
0 552 1000 612
0 612 1000 686
0 686 1000 787
0 787 1000 893
0 893 1000 1006
0 0 1000 1
0 1 1000 3
0 3 1000 5
0 5 1000 8
0 8 1000 12
0 12 1000 16
0 16 1000 21
0 21 1000 26
0 26 1000 32
0 32 1000 40
0 40 1000 48
0 48 1000 57
0 57 1000 66
0 66 1000 76
0 76 1000 87
0 87 1000 100
0 100 1000 116
0 116 1000 132
0 132 1000 149
0 149 1000 167
0 167 1000 186
0 186 1000 206
0 206 1000 228
0 228 1000 251
0 251 1000 280
0 280 1000 312
0 312 1000 344
0 344 1000 382
0 382 1000 421
0 421 1000 465
0 465 1000 509
0 509 1000 556
0 556 1000 628
0 628 1000 704
0 704 1000 823
0 823 1000 1012
0 0 1000 1
0 1 1000 2
0 2 1000 5
0 5 1000 8
0 8 1000 11
0 11 1000 17
0 17 1000 23
0 23 1000 30
0 30 1000 38
0 38 1000 48
0 48 1000 61
0 61 1000 75
0 75 1000 89
0 89 1000 104
0 104 1000 121
0 121 1000 139
0 139 1000 158
0 158 1000 178
0 178 1000 199
0 199 1000 221
0 221 1000 244
0 244 1000 268
0 268 1000 294
0 294 1000 322
0 322 1000 352
0 352 1000 382
0 382 1000 412
0 412 1000 443
0 443 1000 479
0 479 1000 523
0 523 1000 591
0 591 1000 662
0 662 1000 739
0 739 1000 816
0 816 1000 904
0 904 1000 1007
0 0 1000 1
0 1 1000 2
0 2 1000 4
0 4 1000 6
0 6 1000 8
0 8 1000 11
0 11 1000 14
0 14 1000 17
0 17 1000 21
0 21 1000 26
0 26 1000 33
0 33 1000 45
0 45 1000 57
0 57 1000 70
0 70 1000 83
0 83 1000 99
0 99 1000 119
0 119 1000 141
0 141 1000 164
0 164 1000 190
0 190 1000 216
0 216 1000 243
0 243 1000 275
0 275 1000 311
0 311 1000 347
0 347 1000 390
0 390 1000 436
0 436 1000 482
0 482 1000 531
0 531 1000 584
0 584 1000 638
0 638 1000 698
0 698 1000 759
0 759 1000 822
0 822 1000 903
0 903 1000 1009
0 0 1000 1
0 1 1000 2
0 2 1000 4
0 4 1000 6
0 6 1000 10
0 10 1000 14
0 14 1000 19
0 19 1000 25
0 25 1000 31
0 31 1000 37
0 37 1000 46
0 46 1000 56
0 56 1000 67
0 67 1000 80
0 80 1000 93
0 93 1000 107
0 107 1000 123
0 123 1000 143
0 143 1000 165
0 165 1000 187
0 187 1000 214
0 214 1000 242
0 242 1000 273
0 273 1000 304
0 304 1000 337
0 337 1000 371
0 371 1000 407
0 407 1000 443
0 443 1000 481
0 481 1000 521
0 521 1000 564
0 564 1000 608
0 608 1000 663
0 663 1000 765
0 765 1000 876
0 876 1000 1002
0 0 1000 3
0 3 1000 6
0 6 1000 10
0 10 1000 16
0 16 1000 22
0 22 1000 29
0 29 1000 37
0 37 1000 46
0 46 1000 59
0 59 1000 72
0 72 1000 86
0 86 1000 100
0 100 1000 115
0 115 1000 131
0 131 1000 148
0 148 1000 166
0 166 1000 184
0 184 1000 203
0 203 1000 222
0 222 1000 242
0 242 1000 263
0 263 1000 284
0 284 1000 307
0 307 1000 331
0 331 1000 356
0 356 1000 383
0 383 1000 415
0 415 1000 451
0 451 1000 490
0 490 1000 533
0 533 1000 581
0 581 1000 632
0 632 1000 702
0 702 1000 788
0 788 1000 881
0 881 1000 998
0 0 1000 1
0 1 1000 2
0 2 1000 3
0 3 1000 4
0 4 1000 6
0 6 1000 8
0 8 1000 11
0 11 1000 16
0 16 1000 22
0 22 1000 29
0 29 1000 36
0 36 1000 43
0 43 1000 52
0 52 1000 64
0 64 1000 77
0 77 1000 90
0 90 1000 107
0 107 1000 131
0 131 1000 156
0 156 1000 182
0 182 1000 208
0 208 1000 236
0 236 1000 266
0 266 1000 299
0 299 1000 336
0 336 1000 383
0 383 1000 433
0 433 1000 483
0 483 1000 534
0 534 1000 586
0 586 1000 639
0 639 1000 693
0 693 1000 750
0 750 1000 807
0 807 1000 886
0 886 1000 996
0 0 1000 1
0 1 1000 2
0 2 1000 5
0 5 1000 9
0 9 1000 13
0 13 1000 17
0 17 1000 23
0 23 1000 29
0 29 1000 36
0 36 1000 46
0 46 1000 57
0 57 1000 68
0 68 1000 79
0 79 1000 93
0 93 1000 108
0 108 1000 123
0 123 1000 139
0 139 1000 156
0 156 1000 174
0 174 1000 197
0 197 1000 221
0 221 1000 247
0 247 1000 275
0 275 1000 304
0 304 1000 335
0 335 1000 367
0 367 1000 404
0 404 1000 442
0 442 1000 481
0 481 1000 524
0 524 1000 573
0 573 1000 626
0 626 1000 679
0 679 1000 765
0 765 1000 869
0 869 1000 998
0 0 1000 2
0 2 1000 4
0 4 1000 7
0 7 1000 14
0 14 1000 21
0 21 1000 28
0 28 1000 36
0 36 1000 46
0 46 1000 57
0 57 1000 68
0 68 1000 79
0 79 1000 93
0 93 1000 108
0 108 1000 127
0 127 1000 148
0 148 1000 169
0 169 1000 190
0 190 1000 213
0 213 1000 236
0 236 1000 264
0 264 1000 296
0 296 1000 328
0 328 1000 362
0 362 1000 398
0 398 1000 436
0 436 1000 476
0 476 1000 517
0 517 1000 558
0 558 1000 599
0 599 1000 643
0 643 1000 689
0 689 1000 738
0 738 1000 790
0 790 1000 843
0 843 1000 905
0 905 1000 1007
0 0 1000 2
0 2 1000 4
0 4 1000 8
0 8 1000 13
0 13 1000 18
0 18 1000 24
0 24 1000 31
0 31 1000 38
0 38 1000 46
0 46 1000 55
0 55 1000 65
0 65 1000 76
0 76 1000 87
0 87 1000 99
0 99 1000 111
0 111 1000 123
0 123 1000 136
0 136 1000 150
0 150 1000 165
0 165 1000 185
0 185 1000 212
0 212 1000 240
0 240 1000 270
0 270 1000 304
0 304 1000 341
0 341 1000 378
0 378 1000 416
0 416 1000 458
0 458 1000 501
0 501 1000 544
0 544 1000 598
0 598 1000 656
0 656 1000 716
0 716 1000 804
0 804 1000 900
0 900 1000 1005
0 0 1000 1
0 1 1000 2
0 2 1000 4
0 4 1000 7
0 7 1000 10
0 10 1000 14
0 14 1000 19
0 19 1000 24
0 24 1000 30
0 30 1000 37
0 37 1000 45
0 45 1000 55
0 55 1000 65
0 65 1000 78
0 78 1000 91
0 91 1000 106
0 106 1000 123
0 123 1000 142
0 142 1000 161
0 161 1000 183
0 183 1000 206
0 206 1000 229
0 229 1000 256
0 256 1000 284
0 284 1000 312
0 312 1000 341
0 341 1000 382
0 382 1000 426
0 426 1000 474
0 474 1000 525
0 525 1000 577
0 577 1000 633
0 633 1000 708
0 708 1000 795
0 795 1000 887
0 887 1000 993
0 0 1000 1
0 1 1000 2
0 2 1000 3
0 3 1000 7
0 7 1000 11
0 11 1000 17
0 17 1000 24
0 24 1000 33
0 33 1000 43
0 43 1000 55
0 55 1000 68
0 68 1000 83
0 83 1000 99
0 99 1000 118
0 118 1000 138
0 138 1000 159
0 159 1000 182
0 182 1000 205
0 205 1000 228
0 228 1000 253
0 253 1000 279
0 279 1000 305
0 305 1000 334
0 334 1000 363
0 363 1000 393
0 393 1000 426
0 426 1000 464
0 464 1000 509
0 509 1000 555
0 555 1000 604
0 604 1000 657
0 657 1000 710
0 710 1000 769
0 769 1000 834
0 834 1000 904
0 904 1000 1000
0 0 1000 1
0 1 1000 2
0 2 1000 4
0 4 1000 6
0 6 1000 9
0 9 1000 12
0 12 1000 15
0 15 1000 19
0 19 1000 23
0 23 1000 30
0 30 1000 39
0 39 1000 48
0 48 1000 57
0 57 1000 66
0 66 1000 77
0 77 1000 90
0 90 1000 105
0 105 1000 120
0 120 1000 137
0 137 1000 156
0 156 1000 175
0 175 1000 200
0 200 1000 228
0 228 1000 261
0 261 1000 302
0 302 1000 344
0 344 1000 387
0 387 1000 433
0 433 1000 483
0 483 1000 534
0 534 1000 598
0 598 1000 663
0 663 1000 729
0 729 1000 797
0 797 1000 885
0 885 1000 1004
0 0 1000 1
0 1 1000 4
0 4 1000 11
0 11 1000 18
0 18 1000 26
0 26 1000 35
0 35 1000 44
0 44 1000 54
0 54 1000 64
0 64 1000 74
0 74 1000 85
0 85 1000 97
0 97 1000 109
0 109 1000 122
0 122 1000 137
0 137 1000 152
0 152 1000 167
0 167 1000 186
0 186 1000 205
0 205 1000 224
0 224 1000 251
0 251 1000 283
0 283 1000 315
0 315 1000 348
0 348 1000 387
0 387 1000 426
0 426 1000 465
0 465 1000 506
0 506 1000 548
0 548 1000 591
0 591 1000 640
0 640 1000 694
0 694 1000 757
0 757 1000 825
0 825 1000 906
0 906 1000 1006
0 0 1000 3
0 3 1000 7
0 7 1000 11
0 11 1000 17
0 17 1000 23
0 23 1000 30
0 30 1000 38
0 38 1000 48
0 48 1000 61
0 61 1000 74
0 74 1000 88
0 88 1000 104
0 104 1000 120
0 120 1000 137
0 137 1000 156
0 156 1000 176
0 176 1000 196
0 196 1000 217
0 217 1000 238
0 238 1000 261
0 261 1000 286
0 286 1000 313
0 313 1000 342
0 342 1000 371
0 371 1000 403
0 403 1000 437
0 437 1000 473
0 473 1000 510
0 510 1000 550
0 550 1000 596
0 596 1000 648
0 648 1000 703
0 703 1000 761
0 761 1000 828
0 828 1000 900
0 900 1000 1005
0 0 1000 1
0 1 1000 2
0 2 1000 5
0 5 1000 9
0 9 1000 13
0 13 1000 17
0 17 1000 21
0 21 1000 25
0 25 1000 30
0 30 1000 35
0 35 1000 41
0 41 1000 49
0 49 1000 58
0 58 1000 68
0 68 1000 83
0 83 1000 99
0 99 1000 117
0 117 1000 138
0 138 1000 160
0 160 1000 183
0 183 1000 210
0 210 1000 241
0 241 1000 274
0 274 1000 310
0 310 1000 349
0 349 1000 388
0 388 1000 429
0 429 1000 477
0 477 1000 526
0 526 1000 576
0 576 1000 632
0 632 1000 689
0 689 1000 751
0 751 1000 818
0 818 1000 904
0 904 1000 996
0 0 1000 1
0 1 1000 3
0 3 1000 7
0 7 1000 11
0 11 1000 16
0 16 1000 22
0 22 1000 28
0 28 1000 35
0 35 1000 42
0 42 1000 49
0 49 1000 58
0 58 1000 68
0 68 1000 81
0 81 1000 94
0 94 1000 109
0 109 1000 124
0 124 1000 140
0 140 1000 157
0 157 1000 174
0 174 1000 194
0 194 1000 214
0 214 1000 239
0 239 1000 266
0 266 1000 293
0 293 1000 325
0 325 1000 359
0 359 1000 398
0 398 1000 439
0 439 1000 488
0 488 1000 538
0 538 1000 589
0 589 1000 653
0 653 1000 717
0 717 1000 800
0 800 1000 895
0 895 1000 1005
0 0 1000 1
0 1 1000 4
0 4 1000 8
0 8 1000 12
0 12 1000 18
0 18 1000 25
0 25 1000 32
0 32 1000 40
0 40 1000 49
0 49 1000 58
0 58 1000 68
0 68 1000 79
0 79 1000 91
0 91 1000 104
0 104 1000 117
0 117 1000 132
0 132 1000 149
0 149 1000 167
0 167 1000 188
0 188 1000 213
0 213 1000 242
0 242 1000 273
0 273 1000 305
0 305 1000 339
0 339 1000 377
0 377 1000 416
0 416 1000 457
0 457 1000 499
0 499 1000 545
0 545 1000 595
0 595 1000 650
0 650 1000 707
0 707 1000 766
0 766 1000 838
0 838 1000 914
0 914 1000 1004
0 0 1000 1
0 1 1000 3
0 3 1000 5
0 5 1000 8
0 8 1000 11
0 11 1000 15
0 15 1000 19
0 19 1000 25
0 25 1000 32
0 32 1000 39
0 39 1000 49
0 49 1000 60
0 60 1000 71
0 71 1000 83
0 83 1000 96
0 96 1000 109
0 109 1000 126
0 126 1000 145
0 145 1000 170
0 170 1000 197
0 197 1000 225
0 225 1000 255
0 255 1000 287
0 287 1000 321
0 321 1000 358
0 358 1000 396
0 396 1000 434
0 434 1000 475
0 475 1000 526
0 526 1000 578
0 578 1000 630
0 630 1000 689
0 689 1000 749
0 749 1000 821
0 821 1000 905
0 905 1000 1000
0 0 1000 1
0 1 1000 4
0 4 1000 7
0 7 1000 11
0 11 1000 15
0 15 1000 20
0 20 1000 26
0 26 1000 33
0 33 1000 40
0 40 1000 48
0 48 1000 56
0 56 1000 65
0 65 1000 77
0 77 1000 89
0 89 1000 105
0 105 1000 123
0 123 1000 142
0 142 1000 161
0 161 1000 180
0 180 1000 201
0 201 1000 222
0 222 1000 244
0 244 1000 268
0 268 1000 296
0 296 1000 325
0 325 1000 355
0 355 1000 390
0 390 1000 429
0 429 1000 474
0 474 1000 521
0 521 1000 574
0 574 1000 629
0 629 1000 701
0 701 1000 776
0 776 1000 860
0 860 1000 1005
0 0 1000 1
0 1 1000 2
0 2 1000 4
0 4 1000 8
0 8 1000 12
0 12 1000 18
0 18 1000 24
0 24 1000 31
0 31 1000 38
0 38 1000 47
0 47 1000 57
0 57 1000 67
0 67 1000 79
0 79 1000 92
0 92 1000 105
0 105 1000 119
0 119 1000 134
0 134 1000 152
0 152 1000 172
0 172 1000 193
0 193 1000 215
0 215 1000 241
0 241 1000 269
0 269 1000 302
0 302 1000 336
0 336 1000 372
0 372 1000 409
0 409 1000 447
0 447 1000 489
0 489 1000 534
0 534 1000 583
0 583 1000 644
0 644 1000 706
0 706 1000 798
0 798 1000 892
0 892 1000 1007
