20
18 10 1 -8 -15 -17 -15 -8 1 9 17 24 28 28 23 18 11 7 7 11
12 3 -5 -14 -22 -24 -22 -16 -7 3 10 16 21 20 16 11 4 2 0 5
8 0 -9 -20 -27 -31 -29 -23 -16 -6 1 8 12 12 9 5 0 -3 -2 1
7 1 -9 -20 -30 -32 -32 -31 -23 -16 -8 -1 3 4 3 0 -4 -5 -3 2
12 4 -6 -18 -30 -32 -32 -32 -30 -22 -15 -8 -4 -1 0 -1 -2 -2 1 4
18 10 -2 -14 -27 -32 -32 -32 -32 -26 -17 -11 -6 -2 0 0 1 3 5 11
24 16 4 -8 -21 -32 -32 -33 -30 -23 -15 -8 -2 0 3 5 5 8 12 16
28 20 9 -5 -16 -25 -30 -29 -22 -15 -8 -2 4 8 9 9 11 11 16 21
28 20 10 -2 -13 -22 -23 -20 -15 -6 1 7 12 15 16 15 14 14 16 21
24 16 6 -4 -13 -18 -18 -14 -5 3 10 17 21 22 21 16 13 11 14 18
18 10 1 -8 -15 -17 -16 -8 0 9 18 23 28 27 23 17 12 8 8 12
9 3 -6 -13 -17 -17 -12 -3 7 17 24 31 33 32 25 17 9 3 0 4
1 -6 -12 -18 -19 -17 -9 1 11 20 28 32 34 30 23 13 1 -5 -7 -5
-8 -13 -17 -19 -20 -14 -7 3 14 22 27 32 30 26 16 4 -7 -15 -18 -14
-16 -18 -19 -18 -14 -8 0 8 15 21 24 26 23 16 4 -7 -18 -23 -25 -22
-17 -17 -16 -12 -7 0 7 12 16 18 18 17 13 4 -7 -18 -25 -29 -30 -24
-15 -12 -7 -1 5 12 15 16 17 14 12 9 2 -7 -17 -25 -30 -31 -29 -23
-9 -3 4 12 18 24 24 23 19 13 8 3 -5 -15 -24 -29 -31 -29 -22 -15
1 7 16 25 32 36 34 29 22 15 8 0 -7 -17 -25 -30 -28 -22 -14 -6
10 18 27 36 43 46 43 36 28 19 12 4 -5 -15 -21 -24 -22 -16 -6 3
