5
1 10 1 25 27
8 1 2 1 4


20
715806713 926832846 890153850 433619693 890169631 501757984 778692206 816865414 50442173 522507343 546693304 851035714 299040991 474850872 133255173 905287070 763360978 327459319 193289538 140803416
974365976 488724815 821047998 371238977 256373343 218153590 546189624 322430037 131351929 768434809 253508808 935670831 251537597 834352123 337485668 272645651 61421502 439773410 621070911 578006919

697457706539596888 697457706539596888
697457706539596888 697457706539596888
760974252688942308 760974252688942308
760974252688942308 760974252688942308
760974252688942308 760974252688942308
760974252688942308 760974252688942308
760974252688942308 760974252688942308
760974252688942308 760974252688942308
760974252688942308 760974252688942308
760974252688942308 760974252688942308
760974252688942308 760974252688942308
867210459214915026 867210459214915026
867210459214915026 867210459214915026
867210459214915026 867210459214915026
867210459214915026 867210459214915026
867210459214915026 867210459214915026
867210459214915026 867210459214915026
867210459214915026 867210459214915026
867210459214915026 867210459214915026
867210459214915026 867210459214915026