52 10 2000000
0
1 2 3 4 5 6 7 8 9 10
0 0 1 1 1 1 1 1 1 1
9 8 7 6 5 4 3 2 1 0
2000000
1 2 3 4 5 6 7 8 9 10
0 0 2 2 2 2 2 2 2 2
9 8 7 6 5 4 3 2 1 0
2000000
1 2 3 4 5 6 7 8 9 10
0 0 1 1 1 1 1 1 1 1
9 8 7 6 5 4 3 2 1 0
200000000
1 2 3 4 5 6 7 8 9 10
0 0 1 1 1 1 1 1 1 1
9 8 7 6 5 4 3 2 1 0
2000000
1 2 3 4 5 6 7 8 9 10
0 0 1 1 1 1 1 1 1 1
9 8 7 6 5 4 3 2 1 0
2000000
1 2 3 4 5 6 7 8 9 10
0 0 1 1 1 1 1 1 1 1
9 8 7 6 5 4 3 2 1 0
2000000
1 2 3 4 5 6 7 8 9 10
0 0 1 1 1 1 1 1 1 1
9 8 7 6 5 4 3 2 1 0
2000000
1 2 3 4 5 6 7 8 9 10
0 0 1 1 1 1 1 1 1 1
9 8 7 6 5 4 3 2 1 0
2000000
1 2 3 4 5 6 7 8 9 10
0 0 1 1 1 1 1 1 1 1
9 8 7 6 5 4 3 2 1 0
2000000
1 2 3 4 5 6 7 8 9 10
0 0 1 1 1 1 1 1 1 1
9 8 7 6 5 4 3 2 1 0
2000000
1 2 3 4 5 6 7 8 9 10
0 0 1 1 1 1 1 1 1 1
9 8 7 6 5 4 3 2 1 0
2000000
1 2 3 4 5 6 7 8 9 10
0 0 1 1 1 1 1 1 1 1
9 8 7 6 5 4 3 2 1 0
2000000
1 2 3 4 5 6 7 8 9 10
0 0 1 1 1 1 1 1 1 1
9 8 7 6 5 4 3 2 1 0
2000000
1 2 3 4 5 6 7 8 9 10
0 0 1 1 1 1 1 1 1 1
9 8 7 6 5 4 3 2 1 0
2000000
1 2 3 4 5 6 7 8 9 10
0 0 1 1 1 1 1 1 1 1
9 8 7 6 5 4 3 2 1 0
2000000
1 2 3 4 5 6 7 8 9 10
0 0 1 1 1 1 1 1 1 1
9 8 7 6 5 4 3 2 1 0
2000000
1 2 3 4 5 6 7 8 9 10
0 0 1 1 1 1 1 1 1 1
9 8 7 6 5 4 3 2 1 0
2000000
1 2 3 4 5 6 7 8 9 10
0 0 1 1 1 1 1 1 1 1
9 8 7 6 5 4 3 2 1 0
2000000
1 2 3 4 5 6 7 8 9 10
0 0 1 1 1 1 1 1 1 1
9 8 7 6 5 4 3 2 1 0
2000000
1 2 3 4 5 6 7 8 9 10
0 0 1 1 1 1 1 1 1 1
9 8 7 6 5 4 3 2 1 0
2000000
1 2 3 4 5 6 7 8 9 10
0 0 1 1 1 1 1 1 1 1
9 8 7 6 5 4 3 2 1 0
2000000
1 2 3 4 5 6 7 8 9 10
0 0 1 1 1 1 1 1 1 1
9 8 7 6 5 4 3 2 1 0
2000000
1 2 3 4 5 6 7 8 9 10
0 0 1 1 1 1 1 1 1 1
9 8 7 6 5 4 3 2 1 0
2000000
1 2 3 4 5 6 7 8 9 10
0 0 1 1 1 1 1 1 1 1
9 8 7 6 5 4 3 2 1 0
2000000
1 2 3 4 5 6 7 8 9 10
0 0 1 1 1 1 1 1 1 1
9 8 7 6 5 4 3 2 1 0
2000000
1 2 3 4 5 6 7 8 9 10
0 0 1 1 1 1 1 1 1 1
9 8 7 6 5 4 3 2 1 0
2000000
1 2 3 4 5 6 7 8 9 10
0 0 1 1 1 1 1 1 1 1
9 8 7 6 5 4 3 2 1 0
2000000
1 2 3 4 5 6 7 8 9 10
0 0 1 1 1 1 1 1 1 1
9 8 7 6 5 4 3 2 1 0
2000000
1 2 3 4 5 6 7 8 9 10
0 0 1 1 1 1 1 1 1 1
9 8 7 6 5 4 3 2 1 0
2000000
1 2 3 4 5 6 7 8 9 10
0 0 1 1 1 1 1 1 1 1
9 8 7 6 5 4 3 2 1 0
2000000
1 2 3 4 5 6 7 8 9 10
0 0 1 1 1 1 1 1 1 1
9 8 7 6 5 4 3 2 1 0
2000000
1 2 3 4 5 6 7 8 9 10
0 0 1 1 1 1 1 1 1 1
9 8 7 6 5 4 3 2 1 0
2000000
1 2 3 4 5 6 7 8 9 10
0 0 1 1 1 1 1 1 1 1
9 8 7 6 5 4 3 2 1 0
2000000
1 2 3 4 5 6 7 8 9 10
0 0 1 1 1 1 1 1 1 1
9 8 7 6 5 4 3 2 1 0
2000000
1 2 3 4 5 6 7 8 9 10
0 0 1 1 1 1 1 1 1 1
9 8 7 6 5 4 3 2 1 0
2000000
1 2 3 4 5 6 7 8 9 10
0 0 1 1 1 1 1 1 1 1
9 8 7 6 5 4 3 2 1 0
2000000
1 2 3 4 5 6 7 8 9 10
0 0 1 1 1 1 1 1 1 1
9 8 7 6 5 4 3 2 1 0
2000000
1 2 3 4 5 6 7 8 9 10
0 0 1 1 1 1 1 1 1 1
9 8 7 6 5 4 3 2 1 0
2000000
1 2 3 4 5 6 7 8 9 10
0 0 1 1 1 1 1 1 1 1
9 8 7 6 5 4 3 2 1 0
2000000
1 2 3 4 5 6 7 8 9 10
0 0 1 1 1 1 1 1 1 1
9 8 7 6 5 4 3 2 1 0
2000000
1 2 3 4 5 6 7 8 9 10
0 0 1 1 1 1 1 1 1 1
9 8 7 6 5 4 3 2 1 0
2000000
1 2 3 4 5 6 7 8 9 10
0 0 1 1 1 1 1 1 1 1
9 8 7 6 5 4 3 2 1 0
2000000
1 2 3 4 5 6 7 8 9 10
0 0 1 1 1 1 1 1 1 1
9 8 7 6 5 4 3 2 1 0
2000000
1 2 3 4 5 6 7 8 9 10
0 0 1 1 1 1 1 1 1 1
9 8 7 6 5 4 3 2 1 0
2000000
1 2 3 4 5 6 7 8 9 10
0 0 1 1 1 1 1 1 1 1
9 8 7 6 5 4 3 2 1 0
2000000
1 2 3 4 5 6 7 8 9 10
0 0 1 1 1 1 1 1 1 1
9 8 7 6 5 4 3 2 1 0
2000000
1 2 3 4 5 6 7 8 9 10
0 0 1 1 1 1 1 1 1 1
9 8 7 6 5 4 3 2 1 0
2000000
1 2 3 4 5 6 7 8 9 10
0 0 1 1 1 1 1 1 1 1
9 8 7 6 5 4 3 2 1 0
2000000
1 2 3 4 5 6 7 8 9 10
0 0 1 1 1 1 1 1 1 1
9 8 7 6 5 4 3 2 1 0
2000000
1 2 3 4 5 6 7 8 9 10
0 0 1 1 1 1 1 1 1 1
9 8 7 6 5 4 3 2 1 0
2000000
1 2 3 4 5 6 7 8 9 10
0 0 1 1 1 1 1 1 1 1
9 8 7 6 5 4 3 2 1 0
