100 132 10 10000
75 98
7 63
2 63
20 77
26 91
52 74
35 50
12 34
19 32
60 75
31 69
28 97
37 48
79 86
37 41
51 63
44 67
11 38
88 97
2 73
22 27
61 81
71 94
12 64
36 61
1 96
17 38
36 66
4 81
4 72
12 25
56 70
40 56
1 65
14 19
73 94
69 95
46 93
22 72
33 35
3 17
89 91
41 69
0 29
45 49
9 63
77 82
46 59
38 88
52 73
30 99
28 36
43 90
15 33
6 75
16 59
23 47
78 95
86 92
23 94
22 32
21 57
40 42
6 53
23 84
1 99
48 70
7 16
72 96
21 72
3 84
29 49
9 39
24 43
45 85
49 68
10 72
24 90
58 61
21 96
39 71
21 22
31 41
25 55
6 98
47 74
3 74
10 58
5 8
80 90
62 72
26 83
24 34
14 60
20 56
17 74
15 83
30 34
48 54
11 20
13 40
27 87
87 91
64 99
17 54
0 18
67 93
54 78
92 99
44 88
13 76
65 89
53 77
6 20
0 85
33 76
33 50
65 96
14 97
51 80
5 59
54 68
35 82
42 82
18 71
57 89
4 36
8 73
62 99
55 79
47 52
66 93
7 130
295 259
71 36
75 149
232 155
98 44
170 222
86 17
125 70
12 30
252 151
112 202
256 34
57 274
166 159
290 296
130 18
87 167
37 104
186 162
144 241
261 211
222 205
45 123
193 76
232 28
248 280
211 247
173 133
4 154
272 97
16 245
208 179
214 297
238 75
151 295
200 122
56 253
116 148
48 34
98 273
31 275
108 295
224 48
128 131
11 0
155 66
91 100
75 229
1 179
182 281
150 7
124 91
200 225
62 195
182 27
101 220
246 229
260 115
126 41
161 185
228 108
284 140
47 1
281 55
266 243
209 101
149 98
21 166
5 287
80 257
21 49
276 180
84 77
101 134
159 205
59 295
166 256
44 207
185 1
165 43
239 135
129 268
271 269
34 150
8 101
256 2
202 278
141 159
248 253
186 50
219 267
281 28
169 97
68 90
1 202
286 216
152 135
194 198
297 117
