30 60 5574
107078 94773
79170 52618
38499 43784
38889 103253
48050 92863
87311 53642
39468 72779
95373 47388
87661 43610
79937 100401
48568 72568
86446 36184
92859 49189
44133 43911
41705 62819
65063 87596
92801 47922
106492 70387
74899 75881
62505 93339
89927 62746
42386 76610
51314 63771
51239 61854
62275 53392
74930 70895
70921 67643
78889 81423
87676 42560
53990 52818
98045 92713
78038 57427
39665 44590
42857 95551
47274 87576
81344 62082
40893 72514
97719 43971
88525 44661
82860 96455
42662 72307
89140 41834
80734 51401
44476 47645
48220 51058
69060 80031
86181 45629
95122 74317
79966 70686
65905 95268
87782 61679
40881 83000
46273 58018
54468 65855
64248 61367
80153 75186
65641 64753
78975 64346
91041 44331
60722 70699
-6154 -5366
-968 -2261
-6743 14720
3209 -1066
1495 -297
5686 -12483
-2591 -7049
840 -8395
-3529 412
-4007 -8209
-3408 -4992
1065 -2058
-629 -6288
2274 2798
250 -977
-374 -1548
-1457 -3866
-825 595
-8268 6126
-4404 -7571
462 -3734
8938 3536
5828 7656
-5935 439
-167 -1190
-2158 -1637
-5088 7678
-14086 -3532
-3262 -1663
-3810 -3413
5190 2824
-2704 1159
-5790 -10446
4743 -3058
601 4804
-2862 5807
-4335 7814
196 8979
-1231 5521
290 2255
2421 5952
3733 3736
2954 1268
-3546 5261
2616 -5455
-245 -8528
7591 -1669
5402 13069
-1628 -4119
-112 3549
-412 -8855
-3720 2530
-2738 -7365
-3033 -5615
688 2953
-224 -4402
9549 -235
-2175 -2283
8546 2908
-12201 7191
