3
8
1 3
2 4
2 5
2 6
3 5
4 7
5 8
5
1 5
1 2
1 3
3 4
15
13 3
4 13
11 1
14 9
9 13
13 6
1 10
7 9
13 2
10 5
3 12
15 13
9 10
12 8

3
3
1 2
2 3

16
1 2
2 3
3 4
4 5
5 6
1 7
2 8
3 9
5 10
6 11
1 12
2 13
3 14
5 15
6 16

18
1 2
2 3
3 4
4 5
5 6
1 7
2 8
3 9
5 10
6 11
1 12
2 13
3 14
5 15
6 16
4 17
4 18

1
9
1 2
1 3
1 4
4 5
4 6
4 7
7 8
7 9

2
28
1 2 2 3 2 4
4 5 5 6 5 16
7  13  8 14  9 15 10 17 11 18 12 19
13 14 14 15 15 16 16 17 17 18 18 19
13 20 14 21 15 22 17 23 18 24 19 25
16 27 26 27 27 28

25
1 2 2 3 2 4
4 5 5 6 5 16
7  13  8 14  9 15 10 17 11 18 12 19
13 14 14 15 15 16 16 17 17 18 18 19
13 20 14 21 15 22 17 23 18 24 19 25