4 8 4
1 5
3 2
4 1
5 3

2 1 1
3 2
3 2

2 100 100
3 2
3 2


6 364 463
230 381
154 200
328 407
339 94
193 10
115 309

80 10000 10000
1 2 3 4 5 6 7 8 1 2 3 4 5 6 7 8 1 2 3 4 5 6 7 8 1 2 3 4 5 6 7 8 1 2 3 4 5 6 7 8 1 2 3 4 5 6 7 8 1 2 3 4 5 6 7 8 1 2 3 4 5 6 7 8 1 2 3 4 5 6 7 8 1 2 3 4 5 6 7 8 
1 2 3 4 5 6 7 8 1 2 3 4 5 6 7 8 1 2 3 4 5 6 7 8 1 2 3 4 5 6 7 8 1 2 3 4 5 6 7 8 1 2 3 4 5 6 7 8 1 2 3 4 5 6 7 8 1 2 3 4 5 6 7 8 1 2 3 4 5 6 7 8 1 2 3 4 5 6 7 8 

10 10 10
2 9
2 9
5 5
5 5
2 2
2 2
2 2
2 2
1 1
1 1

7 10 10
2 2
2 2
2 2
2 2
2 2
1 1
1 1