50 100 10
0 7
15 0
49 16
1 49
26 34
15 29
47 39
1 33
18 37
32 20
16 25
26 2
11 3
2 48
14 46
20 25
25 16
39 20
40 35
15 30
26 31
35 2
23 39
14 26
29 0
0 16
28 12
44 1
33 45
20 26
25 19
27 42
33 27
5 9
13 28
11 44
11 34
35 9
23 27
21 39
47 10
48 43
1 29
4 8
29 4
11 32
43 14
49 48
45 1
2 23
13 37
47 38
0 4
33 30
32 47
34 38
23 34
37 28
44 47
7 15
23 12
45 23
26 19
38 26
44 7
48 37
34 4
26 23
10 7
48 49
36 42
33 48
20 12
22 38
31 32
48 19
15 40
44 21
17 13
30 18
39 26
34 23
5 30
43 25
23 33
9 29
15 23
12 27
6 44
13 21
45 2
46 21
40 43
41 14
30 41
2 30
34 42
37 4
19 6
32 39
1 1 15
#
5 6 47
.....#
######
.....#
.....#
.....#
6 7 52
.....#.
.....#.
...####
####...
..#....
..#....
8 7 56
.....#.
.....#.
.....#.
.....#.
.....#.
######.
.....#.
.....##
6 11 60
#####......
....#######
....#......
....#......
....#......
....#......
9 10 64
.....#....
.....#....
.....#....
.....#....
######....
.....#####
.....#....
.....#....
.....#....
13 8 67
......##
......#.
......#.
......#.
......#.
......#.
......#.
#######.
.....#..
.....#..
.....#..
.....#..
.....#..
14 9 70
.#.......
.#.......
.#.......
##.......
.#.......
.#.......
.########
..#......
..#......
..#......
..#......
..#......
..#......
..#......
8 17 73
.........#.......
.........#.......
.........#.......
.........#.......
#################
..........#......
..........#......
..........#......
13 14 76
...#..........
...#..........
...#..........
...#..........
####..........
...#..........
...###########
......#.......
......#.......
......#.......
......#.......
......#.......
......#.......
