250 639 329 731
230 0 277 221
139 538 262 639
262 538 397 639
0 538 139 639
0 811 82 1000
0 0 94 221
82 811 204 1000
0 639 250 731
0 388 154 538
0 731 353 811
94 0 230 221
0 221 229 388
229 221 463 388
204 811 411 1000
154 388 432 538
411 811 1000 1000
353 731 1000 811
329 639 1000 731
397 538 1000 639
432 388 1000 538
463 221 1000 388
277 0 1000 221

264 0 269 221
0 388 18 538
0 538 80 639
0 221 57 388
0 811 54 1000
427 0 477 221
54 811 131 1000
131 811 225 1000
80 538 311 639
0 0 119 221
57 221 223 388
18 388 212 538
0 639 320 731
119 0 264 221
212 388 441 538
269 0 427 221
225 811 1000 1000
0 731 1000 811
320 639 1000 731
311 538 1000 639
441 388 1000 538
223 221 1000 388
477 0 1000 221

361 639 362 731
0 388 22 538
693 811 732 1000
177 731 279 811
22 388 100 538
0 731 177 811
336 221 440 388
400 811 498 1000
0 221 145 388
0 538 299 639
145 221 336 388
0 639 361 731
498 811 693 1000
0 0 168 221
0 811 198 1000
198 811 400 1000
732 811 1000 1000
279 731 1000 811
362 639 1000 731
299 538 1000 639
100 388 1000 538
440 221 1000 388
168 0 1000 221

92 538 137 639
0 731 73 811
78 0 105 221
37 811 69 1000
0 388 42 538
0 811 37 1000
137 538 221 639
0 538 92 639
304 388 380 538
213 388 304 538
105 0 168 221
107 221 199 388
0 0 78 221
0 221 107 388
73 731 345 811
42 388 213 538
69 811 1000 1000
345 731 1000 811
0 639 1000 731
221 538 1000 639
380 388 1000 538
199 221 1000 388
168 0 1000 221

0 811 12 1000
73 388 96 538
0 0 22 221
0 639 86 731
145 221 196 388
0 731 107 811
271 221 329 388
0 388 73 538
0 538 113 639
196 221 271 388
146 811 238 1000
96 388 251 538
86 639 347 731
0 221 145 388
12 811 146 1000
107 731 471 811
238 811 1000 1000
471 731 1000 811
347 639 1000 731
113 538 1000 639
251 388 1000 538
329 221 1000 388
22 0 1000 221

0 639 28 731
348 538 375 639
239 731 273 811
50 0 69 221
0 0 50 221
225 538 348 639
28 639 168 731
307 221 387 388
0 221 94 388
0 388 115 538
0 731 239 811
168 639 391 731
0 538 225 639
115 388 278 538
278 388 460 538
94 221 307 388
0 811 1000 1000
273 731 1000 811
391 639 1000 731
375 538 1000 639
460 388 1000 538
387 221 1000 388
69 0 1000 221

207 388 224 538
0 538 42 639
0 639 67 731
329 538 393 639
101 811 156 1000
265 811 347 1000
198 0 274 221
0 811 101 1000
156 811 265 1000
224 388 372 538
67 639 308 731
0 221 158 388
0 731 337 811
42 538 329 639
0 388 207 538
0 0 198 221
347 811 1000 1000
337 731 1000 811
308 639 1000 731
393 538 1000 639
372 388 1000 538
158 221 1000 388
274 0 1000 221

92 0 100 221
88 639 133 731
203 731 266 811
181 388 221 538
59 0 92 221
0 639 88 731
0 538 127 639
0 0 59 221
89 221 168 388
0 221 89 388
0 731 203 811
221 388 356 538
0 388 181 538
133 639 495 731
0 811 206 1000
168 221 412 388
206 811 1000 1000
266 731 1000 811
495 639 1000 731
127 538 1000 639
356 388 1000 538
412 221 1000 388
100 0 1000 221

0 639 9 731
0 221 30 388
322 811 363 1000
0 731 105 811
230 538 317 639
0 388 87 538
280 388 371 538
0 0 70 221
175 221 278 388
0 538 230 639
30 221 175 388
105 731 412 811
371 388 535 538
0 811 133 1000
87 388 280 538
133 811 322 1000
363 811 1000 1000
412 731 1000 811
9 639 1000 731
317 538 1000 639
535 388 1000 538
278 221 1000 388
70 0 1000 221

0 731 12 811
224 221 246 388
196 731 249 811
284 639 338 731
281 388 357 538
211 811 273 1000
306 0 360 221
273 811 341 1000
12 731 196 811
121 811 211 1000
0 811 121 1000
0 639 284 731
0 0 143 221
143 0 306 221
0 221 224 388
0 388 281 538
341 811 1000 1000
249 731 1000 811
338 639 1000 731
0 538 1000 639
357 388 1000 538
246 221 1000 388
360 0 1000 221

0 221 14 388
357 639 394 731
385 0 403 221
117 811 147 1000
136 0 168 221
168 0 222 221
377 221 457 388
0 538 174 639
0 811 117 1000
233 221 377 388
403 0 525 221
0 0 136 221
0 639 357 731
222 0 385 221
0 731 451 811
14 221 233 388
147 811 1000 1000
451 731 1000 811
394 639 1000 731
174 538 1000 639
0 388 1000 538
457 221 1000 388
525 0 1000 221

71 538 76 639
0 639 21 731
0 0 19 221
0 538 71 639
21 639 100 731
0 221 50 388
50 221 108 388
0 388 68 538
273 388 346 538
198 388 273 538
0 731 165 811
19 0 89 221
68 388 198 538
156 811 288 1000
0 811 156 1000
288 811 457 1000
457 811 1000 1000
165 731 1000 811
100 639 1000 731
76 538 1000 639
346 388 1000 538
108 221 1000 388
89 0 1000 221

273 731 296 811
327 639 367 731
0 811 25 1000
25 811 60 1000
105 221 148 388
367 639 456 731
296 731 443 811
0 388 99 538
0 639 162 731
162 639 327 731
0 221 105 388
0 538 178 639
99 388 223 538
0 0 90 221
0 731 273 811
223 388 454 538
60 811 1000 1000
443 731 1000 811
456 639 1000 731
178 538 1000 639
454 388 1000 538
148 221 1000 388
90 0 1000 221

47 639 58 731
87 731 114 811
316 221 330 388
260 221 279 388
0 639 47 731
279 221 316 388
0 731 87 811
0 221 52 388
0 0 59 221
0 538 219 639
573 811 718 1000
399 811 573 1000
52 221 260 388
0 811 197 1000
197 811 399 1000
0 388 258 538
718 811 1000 1000
114 731 1000 811
58 639 1000 731
219 538 1000 639
258 388 1000 538
330 221 1000 388
59 0 1000 221

0 388 19 538
202 731 279 811
91 221 144 388
85 0 129 221
328 221 409 388
0 221 91 388
0 731 202 811
0 0 85 221
311 388 439 538
0 538 247 639
267 811 423 1000
423 811 582 1000
144 221 328 388
0 639 387 731
19 388 311 538
0 811 267 1000
582 811 1000 1000
279 731 1000 811
387 639 1000 731
247 538 1000 639
439 388 1000 538
409 221 1000 388
129 0 1000 221

344 221 348 388
153 811 158 1000
195 388 203 538
298 811 330 1000
263 811 298 1000
0 639 109 731
127 0 178 221
0 221 77 388
109 639 296 731
238 221 344 388
158 811 263 1000
77 221 238 388
0 0 127 221
0 811 153 1000
0 388 195 538
0 538 344 639
330 811 1000 1000
0 731 1000 811
296 639 1000 731
344 538 1000 639
203 388 1000 538
348 221 1000 388
178 0 1000 221

112 731 139 811
270 0 307 221
139 731 242 811
82 0 121 221
0 731 112 811
197 639 299 731
0 538 108 639
354 388 430 538
101 811 184 1000
0 0 82 221
0 639 197 731
0 811 101 1000
209 388 354 538
108 538 326 639
0 388 209 538
121 0 270 221
184 811 1000 1000
242 731 1000 811
299 639 1000 731
326 538 1000 639
430 388 1000 538
0 221 1000 388
307 0 1000 221

0 731 16 811
45 811 58 1000
0 388 22 538
357 538 417 639
217 811 255 1000
417 538 494 639
0 811 45 1000
58 811 106 1000
16 731 155 811
22 388 99 538
325 0 410 221
106 811 217 1000
0 639 266 731
182 0 325 221
0 538 357 639
0 0 182 221
255 811 1000 1000
155 731 1000 811
266 639 1000 731
494 538 1000 639
99 388 1000 538
0 221 1000 388
410 0 1000 221

131 388 139 538
373 639 419 731
384 538 444 639
89 388 131 538
0 811 34 1000
293 639 373 731
306 0 362 221
0 388 89 538
0 221 109 388
34 811 135 1000
109 221 229 388
0 639 293 731
173 0 306 221
135 811 309 1000
0 0 173 221
0 538 384 639
309 811 1000 1000
0 731 1000 811
419 639 1000 731
444 538 1000 639
139 388 1000 538
229 221 1000 388
362 0 1000 221

206 731 217 811
157 538 166 639
377 221 401 388
0 0 22 221
0 639 92 731
325 388 402 538
92 639 244 731
0 538 157 639
0 731 206 811
166 538 371 639
401 221 548 388
0 221 174 388
223 811 397 1000
174 221 377 388
0 811 223 1000
0 388 325 538
397 811 1000 1000
217 731 1000 811
244 639 1000 731
371 538 1000 639
402 388 1000 538
548 221 1000 388
22 0 1000 221

0 0 6 221
448 221 474 388
0 639 51 731
256 388 305 538
235 221 298 388
590 811 673 1000
0 538 172 639
172 538 351 639
6 0 107 221
298 221 448 388
206 811 383 1000
0 388 256 538
0 811 206 1000
383 811 590 1000
0 221 235 388
107 0 305 221
673 811 1000 1000
0 731 1000 811
51 639 1000 731
351 538 1000 639
305 388 1000 538
474 221 1000 388
305 0 1000 221

72 221 73 388
64 221 72 388
0 388 19 538
19 388 38 538
64 0 92 221
73 221 120 388
0 221 64 388
309 811 372 1000
194 538 333 639
0 0 64 221
92 0 159 221
0 538 194 639
0 731 251 811
0 811 137 1000
0 639 305 731
137 811 309 1000
372 811 1000 1000
251 731 1000 811
305 639 1000 731
333 538 1000 639
38 388 1000 538
120 221 1000 388
159 0 1000 221

434 388 442 538
437 811 444 1000
282 0 311 221
110 639 199 731
0 388 67 538
0 639 110 731
67 388 168 538
0 731 191 811
0 0 76 221
76 0 172 221
172 0 282 221
0 221 198 388
0 538 330 639
0 811 211 1000
168 388 434 538
211 811 437 1000
444 811 1000 1000
191 731 1000 811
199 639 1000 731
330 538 1000 639
442 388 1000 538
198 221 1000 388
311 0 1000 221

112 0 113 221
53 388 58 538
295 639 306 731
258 221 293 388
0 388 53 538
306 639 411 731
0 538 105 639
0 731 168 811
176 221 258 388
148 811 254 1000
0 0 112 221
0 639 295 731
0 811 148 1000
113 0 242 221
0 221 176 388
58 388 308 538
254 811 1000 1000
168 731 1000 811
411 639 1000 731
105 538 1000 639
308 388 1000 538
293 221 1000 388
242 0 1000 221

286 221 290 388
294 388 323 538
678 811 722 1000
0 0 40 221
625 811 678 1000
217 388 294 538
0 731 206 811
0 221 113 388
0 538 192 639
40 0 135 221
160 811 289 1000
113 221 286 388
0 811 160 1000
465 811 625 1000
0 388 217 538
289 811 465 1000
722 811 1000 1000
206 731 1000 811
0 639 1000 731
192 538 1000 639
323 388 1000 538
290 221 1000 388
135 0 1000 221

73 811 82 1000
0 221 60 388
0 538 106 639
0 388 84 538
292 388 381 538
0 811 73 1000
405 811 492 1000
82 811 197 1000
304 0 411 221
106 538 354 639
84 388 292 538
158 0 304 221
0 731 411 811
0 639 373 731
0 0 158 221
197 811 405 1000
492 811 1000 1000
411 731 1000 811
373 639 1000 731
354 538 1000 639
381 388 1000 538
60 221 1000 388
411 0 1000 221

436 0 437 221
19 221 30 388
0 811 13 1000
0 221 19 388
30 221 51 388
399 0 436 221
0 538 174 639
281 811 382 1000
157 811 281 1000
169 388 327 538
0 388 169 538
13 811 157 1000
275 0 399 221
138 0 275 221
0 0 138 221
382 811 607 1000
607 811 1000 1000
0 731 1000 811
0 639 1000 731
174 538 1000 639
327 388 1000 538
51 221 1000 388
437 0 1000 221

0 538 4 639
449 639 477 731
437 221 474 388
0 0 31 221
0 639 93 731
385 221 437 388
31 0 101 221
0 221 108 388
0 811 100 1000
108 221 236 388
101 0 213 221
236 221 385 388
0 731 376 811
276 811 436 1000
93 639 449 731
100 811 276 1000
436 811 1000 1000
376 731 1000 811
477 639 1000 731
4 538 1000 639
0 388 1000 538
474 221 1000 388
213 0 1000 221

222 221 224 388
209 221 222 388
188 811 207 1000
0 538 35 639
295 388 325 538
0 639 86 731
207 811 261 1000
261 811 337 1000
35 538 185 639
0 388 114 538
0 0 82 221
0 731 251 811
82 0 193 221
114 388 295 538
0 221 209 388
0 811 188 1000
337 811 1000 1000
251 731 1000 811
86 639 1000 731
185 538 1000 639
325 388 1000 538
224 221 1000 388
193 0 1000 221

0 811 4 1000
213 0 235 221
0 221 33 388
365 388 403 538
273 0 305 221
235 0 273 221
163 0 213 221
0 538 133 639
133 538 271 639
0 639 174 731
0 731 254 811
207 388 365 538
4 811 143 1000
0 388 207 538
33 221 224 388
0 0 163 221
143 811 1000 1000
254 731 1000 811
174 639 1000 731
271 538 1000 639
403 388 1000 538
224 221 1000 388
305 0 1000 221

0 0 4 221
22 221 32 388
0 538 32 639
0 639 39 731
0 221 22 388
34 0 54 221
94 811 123 1000
4 0 34 221
92 388 152 538
0 388 92 538
0 811 94 1000
123 811 225 1000
225 811 336 1000
39 639 312 731
152 388 340 538
0 731 375 811
336 811 1000 1000
375 731 1000 811
312 639 1000 731
32 538 1000 639
340 388 1000 538
32 221 1000 388
54 0 1000 221

221 388 227 538
0 731 12 811
77 811 85 1000
224 538 243 639
259 811 305 1000
126 538 224 639
12 731 156 811
0 639 133 731
0 538 126 639
449 811 521 1000
0 811 77 1000
0 0 109 221
305 811 449 1000
0 221 196 388
85 811 259 1000
0 388 221 538
521 811 1000 1000
156 731 1000 811
133 639 1000 731
243 538 1000 639
227 388 1000 538
196 221 1000 388
109 0 1000 221

221 811 259 1000
207 388 277 538
158 811 221 1000
443 221 542 388
0 0 87 221
0 221 127 388
0 639 230 731
230 639 489 731
127 221 272 388
288 538 566 639
272 221 443 388
0 538 288 639
0 811 158 1000
0 388 207 538
87 0 237 221
237 0 392 221
259 811 1000 1000
0 731 1000 811
489 639 1000 731
566 538 1000 639
277 388 1000 538
542 221 1000 388
392 0 1000 221

84 538 116 639
0 221 34 388
0 811 31 1000
0 731 94 811
31 811 74 1000
0 538 84 639
116 538 200 639
340 0 379 221
200 538 287 639
34 221 168 388
74 811 205 1000
0 639 274 731
0 0 156 221
0 388 253 538
253 388 517 538
156 0 340 221
205 811 1000 1000
94 731 1000 811
274 639 1000 731
287 538 1000 639
517 388 1000 538
168 221 1000 388
379 0 1000 221

61 388 64 538
203 731 223 811
0 811 16 1000
0 221 19 388
307 221 347 388
0 538 74 639
0 388 61 538
0 0 44 221
19 221 85 388
0 731 203 811
200 221 307 388
85 221 200 388
44 0 146 221
0 639 251 731
74 538 390 639
64 388 283 538
16 811 1000 1000
223 731 1000 811
251 639 1000 731
390 538 1000 639
283 388 1000 538
347 221 1000 388
146 0 1000 221

0 221 8 388
149 0 168 221
238 639 305 731
129 538 221 639
0 639 113 731
113 639 238 731
65 811 129 1000
0 811 65 1000
0 538 129 639
0 388 149 538
168 0 272 221
272 0 385 221
385 0 501 221
8 221 195 388
0 0 149 221
129 811 317 1000
317 811 1000 1000
0 731 1000 811
305 639 1000 731
221 538 1000 639
149 388 1000 538
195 221 1000 388
501 0 1000 221

212 221 224 388
0 811 15 1000
293 811 313 1000
0 639 69 731
0 731 83 811
0 388 58 538
0 0 56 221
83 731 243 811
0 538 167 639
0 221 102 388
56 0 134 221
102 221 212 388
69 639 277 731
15 811 126 1000
58 388 224 538
126 811 293 1000
313 811 1000 1000
243 731 1000 811
277 639 1000 731
167 538 1000 639
224 388 1000 538
224 221 1000 388
134 0 1000 221

0 221 7 388
0 731 15 811
171 639 217 731
0 811 26 1000
26 811 69 1000
0 388 66 538
386 0 442 221
0 639 171 731
66 388 175 538
69 811 170 1000
442 0 554 221
0 538 286 639
0 0 154 221
175 388 500 538
7 221 313 388
154 0 386 221
170 811 1000 1000
15 731 1000 811
217 639 1000 731
286 538 1000 639
500 388 1000 538
313 221 1000 388
554 0 1000 221

0 538 3 639
0 0 10 221
0 811 13 1000
283 388 308 538
137 221 170 388
0 731 124 811
124 731 256 811
13 811 91 1000
91 811 176 1000
3 538 161 639
308 388 422 538
0 221 137 388
170 221 322 388
322 221 479 388
0 639 375 731
0 388 283 538
176 811 1000 1000
256 731 1000 811
375 639 1000 731
161 538 1000 639
422 388 1000 538
479 221 1000 388
10 0 1000 221

211 221 216 388
259 731 269 811
55 639 88 731
395 538 441 639
0 639 55 731
88 639 149 731
0 221 76 388
269 731 440 811
216 221 303 388
0 388 104 538
0 731 259 811
76 221 211 388
139 811 268 1000
0 811 139 1000
0 0 157 221
0 538 395 639
268 811 1000 1000
440 731 1000 811
149 639 1000 731
441 538 1000 639
104 388 1000 538
303 221 1000 388
157 0 1000 221

0 221 9 388
342 731 373 811
195 731 227 811
0 731 39 811
227 731 274 811
0 811 25 1000
274 731 342 811
314 388 380 538
235 388 314 538
39 731 195 811
0 0 90 221
320 221 464 388
169 221 320 388
9 221 169 388
0 388 235 538
0 639 403 731
25 811 1000 1000
373 731 1000 811
403 639 1000 731
0 538 1000 639
380 388 1000 538
464 221 1000 388
90 0 1000 221

106 221 109 388
397 639 415 731
73 221 106 388
0 538 60 639
0 811 47 1000
109 221 179 388
0 221 73 388
60 538 186 639
0 0 63 221
63 0 137 221
47 811 145 1000
0 388 155 538
0 731 358 811
145 811 311 1000
311 811 497 1000
0 639 397 731
497 811 1000 1000
358 731 1000 811
415 639 1000 731
186 538 1000 639
155 388 1000 538
179 221 1000 388
137 0 1000 221

190 731 193 811
208 811 220 1000
0 811 16 1000
136 639 170 731
170 639 211 731
0 538 40 639
40 538 111 639
0 388 70 538
0 639 136 731
193 731 365 811
0 731 190 811
220 811 333 1000
333 811 452 1000
70 388 238 538
452 811 609 1000
16 811 208 1000
609 811 1000 1000
365 731 1000 811
211 639 1000 731
111 538 1000 639
238 388 1000 538
0 221 1000 388
0 0 1000 221

222 639 260 731
55 538 92 639
53 221 79 388
50 0 74 221
0 538 55 639
0 811 36 1000
130 639 222 731
0 221 53 388
79 221 139 388
0 0 50 221
0 639 130 731
0 388 85 538
175 731 339 811
0 731 175 811
85 388 187 538
36 811 125 1000
125 811 1000 1000
339 731 1000 811
260 639 1000 731
92 538 1000 639
187 388 1000 538
139 221 1000 388
74 0 1000 221

236 0 239 221
0 639 18 731
391 221 402 388
239 0 251 221
0 811 24 1000
0 388 39 538
0 731 76 811
348 221 391 388
251 0 287 221
190 0 236 221
76 731 302 811
18 639 307 731
176 221 348 388
0 221 176 388
0 538 319 639
0 0 190 221
24 811 1000 1000
302 731 1000 811
307 639 1000 731
319 538 1000 639
39 388 1000 538
402 221 1000 388
287 0 1000 221

398 811 418 1000
218 0 237 221
344 538 386 639
418 811 448 1000
366 221 404 388
0 639 94 731
0 811 68 1000
276 388 370 538
0 221 116 388
68 811 188 1000
94 639 400 731
0 538 344 639
188 811 398 1000
0 388 276 538
116 221 366 388
0 0 218 221
448 811 1000 1000
0 731 1000 811
400 639 1000 731
386 538 1000 639
370 388 1000 538
404 221 1000 388
237 0 1000 221

0 811 7 1000
80 0 92 221
0 731 47 811
0 538 55 639
92 0 123 221
47 731 132 811
0 639 106 731
155 221 250 388
0 0 80 221
179 811 306 1000
241 388 408 538
123 0 239 221
0 221 155 388
7 811 179 1000
0 388 241 538
239 0 418 221
306 811 1000 1000
132 731 1000 811
106 639 1000 731
55 538 1000 639
408 388 1000 538
250 221 1000 388
418 0 1000 221

0 811 3 1000
0 221 3 388
84 221 99 388
259 221 278 388
0 0 21 221
3 811 28 1000
155 388 193 538
186 221 259 388
3 221 84 388
99 221 186 388
0 538 178 639
115 0 198 221
21 0 115 221
0 388 155 538
28 811 171 1000
198 0 427 221
171 811 1000 1000
0 731 1000 811
0 639 1000 731
178 538 1000 639
193 388 1000 538
278 221 1000 388
427 0 1000 221

218 639 234 731
17 388 32 538
0 388 17 538
0 538 52 639
0 639 63 731
161 0 207 221
110 811 164 1000
224 221 286 388
0 731 132 811
32 388 111 538
106 0 161 221
286 221 370 388
63 639 218 731
0 811 110 1000
0 0 106 221
0 221 224 388
164 811 1000 1000
132 731 1000 811
234 639 1000 731
52 538 1000 639
111 388 1000 538
370 221 1000 388
207 0 1000 221

